annealing_time,query_graph,num_relations,sample_index,valid_ratio,opt_ratio,first_opt_index
0.5,CHAIN,3,0,0.2778,0.0644,6
0.5,CHAIN,3,1,0.2611,0.0622,0
0.5,CHAIN,3,2,0.2656,0.0678,51
0.5,CHAIN,3,3,0.2478,0.0733,5
0.5,CHAIN,3,4,0.2800,0.0978,34
0.5,CHAIN,3,5,0.2600,0.1000,1
0.5,CHAIN,3,6,0.2500,0.0822,15
0.5,CHAIN,3,7,0.2400,0.0800,21
0.5,CHAIN,3,8,0.2378,0.1022,19
0.5,CHAIN,3,9,0.2267,0.0711,7
0.5,CHAIN,3,10,0.2400,0.0933,5
0.5,CHAIN,3,11,0.2722,0.1000,18
0.5,CHAIN,3,12,0.2267,0.0689,3
0.5,CHAIN,3,13,0.2100,0.0733,22
0.5,CHAIN,3,14,0.2389,0.0811,6
0.5,CHAIN,3,15,0.2422,0.0633,3
0.5,CHAIN,3,16,0.2589,0.1078,24
0.5,CHAIN,3,17,0.2433,0.0756,18
0.5,CHAIN,3,18,0.2267,0.0733,20
0.5,CHAIN,3,19,0.2522,0.0656,0
0.5,CHAIN,4,0,0.0122,0.0011,653
0.5,CHAIN,4,1,0.0156,0.0000,None
0.5,CHAIN,4,2,0.0100,0.0011,851
0.5,CHAIN,4,3,0.0111,0.0011,581
0.5,CHAIN,4,4,0.0100,0.0011,391
0.5,CHAIN,4,5,0.0078,0.0011,851
0.5,CHAIN,4,6,0.0111,0.0022,536
0.5,CHAIN,4,7,0.0056,0.0000,None
0.5,CHAIN,4,8,0.0100,0.0000,None
0.5,CHAIN,4,9,0.0078,0.0011,831
0.5,CHAIN,4,10,0.0078,0.0000,None
0.5,CHAIN,4,11,0.0100,0.0022,359
0.5,CHAIN,4,12,0.0078,0.0000,None
0.5,CHAIN,4,13,0.0078,0.0000,None
0.5,CHAIN,4,14,0.0100,0.0000,None
0.5,CHAIN,4,15,0.0067,0.0000,None
0.5,CHAIN,4,16,0.0156,0.0011,815
0.5,CHAIN,4,17,0.0144,0.0000,None
0.5,CHAIN,4,18,0.0056,0.0000,None
0.5,CHAIN,4,19,0.0122,0.0011,793
0.5,CHAIN,5,0,0.0000,0.0000,None
0.5,CHAIN,5,1,0.0011,0.0000,None
0.5,CHAIN,5,2,0.0000,0.0000,None
0.5,CHAIN,5,3,0.0000,0.0000,None
0.5,CHAIN,5,4,0.0000,0.0000,None
0.5,CHAIN,5,5,0.0011,0.0000,None
0.5,CHAIN,5,6,0.0000,0.0000,None
0.5,CHAIN,5,7,0.0000,0.0000,None
0.5,CHAIN,5,8,0.0000,0.0000,None
0.5,CHAIN,5,9,0.0000,0.0000,None
0.5,CHAIN,5,10,0.0000,0.0000,None
0.5,CHAIN,5,11,0.0000,0.0000,None
0.5,CHAIN,5,12,0.0000,0.0000,None
0.5,CHAIN,5,13,0.0000,0.0000,None
0.5,CHAIN,5,14,0.0000,0.0000,None
0.5,CHAIN,5,15,0.0011,0.0000,None
0.5,CHAIN,5,16,0.0000,0.0000,None
0.5,CHAIN,5,17,0.0000,0.0000,None
0.5,CHAIN,5,18,0.0000,0.0000,None
0.5,CHAIN,5,19,0.0000,0.0000,None
2.5,CHAIN,3,0,0.2689,0.0589,8
2.5,CHAIN,3,1,0.2811,0.0900,9
2.5,CHAIN,3,2,0.2878,0.0700,5
2.5,CHAIN,3,3,0.2922,0.0900,3
2.5,CHAIN,3,4,0.2967,0.0811,6
2.5,CHAIN,3,5,0.2833,0.0833,34
2.5,CHAIN,3,6,0.2911,0.0833,2
2.5,CHAIN,3,7,0.2811,0.0933,5
2.5,CHAIN,3,8,0.2900,0.0833,6
2.5,CHAIN,3,9,0.2867,0.0711,6
2.5,CHAIN,3,10,0.3244,0.0867,18
2.5,CHAIN,3,11,0.3411,0.1011,0
2.5,CHAIN,3,12,0.3311,0.0978,7
2.5,CHAIN,3,13,0.2844,0.0656,11
2.5,CHAIN,3,14,0.2944,0.0756,15
2.5,CHAIN,3,15,0.3044,0.0722,19
2.5,CHAIN,3,16,0.3178,0.0744,67
2.5,CHAIN,3,17,0.3011,0.0878,13
2.5,CHAIN,3,18,0.3011,0.0856,1
2.5,CHAIN,3,19,0.3278,0.0944,9
2.5,CHAIN,4,0,0.0100,0.0000,None
2.5,CHAIN,4,1,0.0100,0.0011,159
2.5,CHAIN,4,2,0.0156,0.0022,516
2.5,CHAIN,4,3,0.0100,0.0000,None
2.5,CHAIN,4,4,0.0156,0.0011,810
2.5,CHAIN,4,5,0.0089,0.0000,None
2.5,CHAIN,4,6,0.0144,0.0011,449
2.5,CHAIN,4,7,0.0100,0.0022,457
2.5,CHAIN,4,8,0.0067,0.0022,273
2.5,CHAIN,4,9,0.0144,0.0011,251
2.5,CHAIN,4,10,0.0189,0.0022,513
2.5,CHAIN,4,11,0.0156,0.0033,158
2.5,CHAIN,4,12,0.0167,0.0033,5
2.5,CHAIN,4,13,0.0189,0.0011,624
2.5,CHAIN,4,14,0.0089,0.0011,555
2.5,CHAIN,4,15,0.0122,0.0000,None
2.5,CHAIN,4,16,0.0222,0.0011,811
2.5,CHAIN,4,17,0.0067,0.0000,None
2.5,CHAIN,4,18,0.0100,0.0022,21
2.5,CHAIN,4,19,0.0078,0.0022,749
2.5,CHAIN,5,0,0.0022,0.0000,None
2.5,CHAIN,5,1,0.0000,0.0000,None
2.5,CHAIN,5,2,0.0000,0.0000,None
2.5,CHAIN,5,3,0.0011,0.0000,None
2.5,CHAIN,5,4,0.0000,0.0000,None
2.5,CHAIN,5,5,0.0000,0.0000,None
2.5,CHAIN,5,6,0.0000,0.0000,None
2.5,CHAIN,5,7,0.0033,0.0000,None
2.5,CHAIN,5,8,0.0000,0.0000,None
2.5,CHAIN,5,9,0.0000,0.0000,None
2.5,CHAIN,5,10,0.0000,0.0000,None
2.5,CHAIN,5,11,0.0011,0.0000,None
2.5,CHAIN,5,12,0.0000,0.0000,None
2.5,CHAIN,5,13,0.0011,0.0000,None
2.5,CHAIN,5,14,0.0000,0.0000,None
2.5,CHAIN,5,15,0.0022,0.0000,None
2.5,CHAIN,5,16,0.0022,0.0000,None
2.5,CHAIN,5,17,0.0011,0.0000,None
2.5,CHAIN,5,18,0.0011,0.0000,None
2.5,CHAIN,5,19,0.0011,0.0000,None
5,CHAIN,3,0,0.3000,0.1278,16
5,CHAIN,3,1,0.3222,0.1022,3
5,CHAIN,3,2,0.3278,0.1400,2
5,CHAIN,3,3,0.3100,0.1144,31
5,CHAIN,3,4,0.2989,0.0844,1
5,CHAIN,3,5,0.2967,0.0722,11
5,CHAIN,3,6,0.3022,0.1133,29
5,CHAIN,3,7,0.2822,0.0844,1
5,CHAIN,3,8,0.3111,0.0744,18
5,CHAIN,3,9,0.3289,0.0956,0
5,CHAIN,3,10,0.3189,0.1378,0
5,CHAIN,3,11,0.3233,0.1289,6
5,CHAIN,3,12,0.3589,0.1056,9
5,CHAIN,3,13,0.3233,0.1400,10
5,CHAIN,3,14,0.2889,0.1278,30
5,CHAIN,3,15,0.3267,0.0656,37
5,CHAIN,3,16,0.3289,0.1033,7
5,CHAIN,3,17,0.3122,0.1056,0
5,CHAIN,3,18,0.3133,0.1122,13
5,CHAIN,3,19,0.2989,0.0756,19
5,CHAIN,4,0,0.0111,0.0022,500
5,CHAIN,4,1,0.0156,0.0033,166
5,CHAIN,4,2,0.0078,0.0000,None
5,CHAIN,4,3,0.0100,0.0000,None
5,CHAIN,4,4,0.0178,0.0011,50
5,CHAIN,4,5,0.0133,0.0011,701
5,CHAIN,4,6,0.0167,0.0033,480
5,CHAIN,4,7,0.0089,0.0000,None
5,CHAIN,4,8,0.0189,0.0000,None
5,CHAIN,4,9,0.0111,0.0000,None
5,CHAIN,4,10,0.0111,0.0011,211
5,CHAIN,4,11,0.0167,0.0022,141
5,CHAIN,4,12,0.0178,0.0000,None
5,CHAIN,4,13,0.0178,0.0011,842
5,CHAIN,4,14,0.0178,0.0033,153
5,CHAIN,4,15,0.0233,0.0033,103
5,CHAIN,4,16,0.0122,0.0011,724
5,CHAIN,4,17,0.0133,0.0022,321
5,CHAIN,4,18,0.0100,0.0022,433
5,CHAIN,4,19,0.0211,0.0022,17
5,CHAIN,5,0,0.0000,0.0000,None
5,CHAIN,5,1,0.0000,0.0000,None
5,CHAIN,5,2,0.0000,0.0000,None
5,CHAIN,5,3,0.0000,0.0000,None
5,CHAIN,5,4,0.0000,0.0000,None
5,CHAIN,5,5,0.0011,0.0000,None
5,CHAIN,5,6,0.0011,0.0000,None
5,CHAIN,5,7,0.0011,0.0000,None
5,CHAIN,5,8,0.0000,0.0000,None
5,CHAIN,5,9,0.0000,0.0000,None
5,CHAIN,5,10,0.0011,0.0000,None
5,CHAIN,5,11,0.0000,0.0000,None
5,CHAIN,5,12,0.0000,0.0000,None
5,CHAIN,5,13,0.0000,0.0000,None
5,CHAIN,5,14,0.0000,0.0000,None
5,CHAIN,5,15,0.0011,0.0000,None
5,CHAIN,5,16,0.0011,0.0000,None
5,CHAIN,5,17,0.0011,0.0000,None
5,CHAIN,5,18,0.0011,0.0000,None
5,CHAIN,5,19,0.0011,0.0000,None
7.5,CHAIN,3,0,0.3422,0.1311,11
7.5,CHAIN,3,1,0.3344,0.0789,2
7.5,CHAIN,3,2,0.3156,0.1111,4
7.5,CHAIN,3,3,0.2833,0.1022,0
7.5,CHAIN,3,4,0.2822,0.1133,5
7.5,CHAIN,3,5,0.3311,0.1133,8
7.5,CHAIN,3,6,0.3033,0.1111,6
7.5,CHAIN,3,7,0.3056,0.1044,8
7.5,CHAIN,3,8,0.2922,0.1322,3
7.5,CHAIN,3,9,0.2900,0.1300,2
7.5,CHAIN,3,10,0.3178,0.1311,6
7.5,CHAIN,3,11,0.3089,0.0800,0
7.5,CHAIN,3,12,0.2944,0.1100,12
7.5,CHAIN,3,13,0.2889,0.1078,1
7.5,CHAIN,3,14,0.2800,0.0944,1
7.5,CHAIN,3,15,0.2767,0.0911,0
7.5,CHAIN,3,16,0.3144,0.1011,4
7.5,CHAIN,3,17,0.2956,0.1122,13
7.5,CHAIN,3,18,0.3133,0.0900,12
7.5,CHAIN,3,19,0.3300,0.1044,2
7.5,CHAIN,4,0,0.0189,0.0022,4
7.5,CHAIN,4,1,0.0078,0.0000,None
7.5,CHAIN,4,2,0.0100,0.0033,408
7.5,CHAIN,4,3,0.0111,0.0011,732
7.5,CHAIN,4,4,0.0189,0.0011,658
7.5,CHAIN,4,5,0.0156,0.0011,295
7.5,CHAIN,4,6,0.0167,0.0022,635
7.5,CHAIN,4,7,0.0089,0.0000,None
7.5,CHAIN,4,8,0.0278,0.0033,11
7.5,CHAIN,4,9,0.0189,0.0022,413
7.5,CHAIN,4,10,0.0044,0.0000,None
7.5,CHAIN,4,11,0.0167,0.0011,57
7.5,CHAIN,4,12,0.0111,0.0022,287
7.5,CHAIN,4,13,0.0144,0.0022,197
7.5,CHAIN,4,14,0.0100,0.0000,None
7.5,CHAIN,4,15,0.0200,0.0011,652
7.5,CHAIN,4,16,0.0133,0.0022,454
7.5,CHAIN,4,17,0.0100,0.0011,289
7.5,CHAIN,4,18,0.0178,0.0022,34
7.5,CHAIN,4,19,0.0111,0.0011,89
7.5,CHAIN,5,0,0.0033,0.0000,None
7.5,CHAIN,5,1,0.0011,0.0000,None
7.5,CHAIN,5,2,0.0022,0.0000,None
7.5,CHAIN,5,3,0.0000,0.0000,None
7.5,CHAIN,5,4,0.0000,0.0000,None
7.5,CHAIN,5,5,0.0011,0.0000,None
7.5,CHAIN,5,6,0.0011,0.0000,None
7.5,CHAIN,5,7,0.0011,0.0000,None
7.5,CHAIN,5,8,0.0022,0.0000,None
7.5,CHAIN,5,9,0.0022,0.0000,None
7.5,CHAIN,5,10,0.0000,0.0000,None
7.5,CHAIN,5,11,0.0011,0.0000,None
7.5,CHAIN,5,12,0.0022,0.0000,None
7.5,CHAIN,5,13,0.0000,0.0000,None
7.5,CHAIN,5,14,0.0000,0.0000,None
7.5,CHAIN,5,15,0.0011,0.0000,None
7.5,CHAIN,5,16,0.0011,0.0000,None
7.5,CHAIN,5,17,0.0011,0.0000,None
7.5,CHAIN,5,18,0.0000,0.0000,None
7.5,CHAIN,5,19,0.0000,0.0000,None
10,CHAIN,3,0,0.3611,0.0889,8
10,CHAIN,3,1,0.3167,0.1011,2
10,CHAIN,3,2,0.3278,0.0856,11
10,CHAIN,3,3,0.3133,0.1144,12
10,CHAIN,3,4,0.3644,0.0756,37
10,CHAIN,3,5,0.3211,0.1022,4
10,CHAIN,3,6,0.2922,0.0822,18
10,CHAIN,3,7,0.3056,0.0733,28
10,CHAIN,3,8,0.2856,0.0700,0
10,CHAIN,3,9,0.2744,0.0867,2
10,CHAIN,3,10,0.2967,0.1167,0
10,CHAIN,3,11,0.3056,0.0844,13
10,CHAIN,3,12,0.2644,0.0767,1
10,CHAIN,3,13,0.3222,0.0722,0
10,CHAIN,3,14,0.3156,0.0733,62
10,CHAIN,3,15,0.3011,0.0978,15
10,CHAIN,3,16,0.3089,0.1011,7
10,CHAIN,3,17,0.3111,0.1022,8
10,CHAIN,3,18,0.3189,0.0811,4
10,CHAIN,3,19,0.2956,0.0533,1
10,CHAIN,4,0,0.0100,0.0011,287
10,CHAIN,4,1,0.0056,0.0000,None
10,CHAIN,4,2,0.0211,0.0000,None
10,CHAIN,4,3,0.0144,0.0011,728
10,CHAIN,4,4,0.0067,0.0000,None
10,CHAIN,4,5,0.0144,0.0022,314
10,CHAIN,4,6,0.0144,0.0011,344
10,CHAIN,4,7,0.0144,0.0022,159
10,CHAIN,4,8,0.0067,0.0011,533
10,CHAIN,4,9,0.0144,0.0000,None
10,CHAIN,4,10,0.0100,0.0011,97
10,CHAIN,4,11,0.0144,0.0000,None
10,CHAIN,4,12,0.0133,0.0000,None
10,CHAIN,4,13,0.0200,0.0000,None
10,CHAIN,4,14,0.0122,0.0000,None
10,CHAIN,4,15,0.0078,0.0022,123
10,CHAIN,4,16,0.0122,0.0011,124
10,CHAIN,4,17,0.0156,0.0000,None
10,CHAIN,4,18,0.0111,0.0000,None
10,CHAIN,4,19,0.0078,0.0011,421
10,CHAIN,5,0,0.0000,0.0000,None
10,CHAIN,5,1,0.0000,0.0000,None
10,CHAIN,5,2,0.0000,0.0000,None
10,CHAIN,5,3,0.0022,0.0000,None
10,CHAIN,5,4,0.0022,0.0000,None
10,CHAIN,5,5,0.0011,0.0000,None
10,CHAIN,5,6,0.0011,0.0000,None
10,CHAIN,5,7,0.0033,0.0000,None
10,CHAIN,5,8,0.0022,0.0000,None
10,CHAIN,5,9,0.0000,0.0000,None
10,CHAIN,5,10,0.0000,0.0000,None
10,CHAIN,5,11,0.0011,0.0000,None
10,CHAIN,5,12,0.0022,0.0000,None
10,CHAIN,5,13,0.0000,0.0000,None
10,CHAIN,5,14,0.0011,0.0000,None
10,CHAIN,5,15,0.0011,0.0000,None
10,CHAIN,5,16,0.0022,0.0000,None
10,CHAIN,5,17,0.0033,0.0000,None
10,CHAIN,5,18,0.0000,0.0000,None
10,CHAIN,5,19,0.0000,0.0000,None
50,CHAIN,3,0,0.3600,0.0644,0
50,CHAIN,3,1,0.3711,0.0767,4
50,CHAIN,3,2,0.3444,0.0756,10
50,CHAIN,3,3,0.3500,0.0800,16
50,CHAIN,3,4,0.3467,0.0811,14
50,CHAIN,3,5,0.3300,0.0944,19
50,CHAIN,3,6,0.3511,0.1078,3
50,CHAIN,3,7,0.3622,0.0778,8
50,CHAIN,3,8,0.3644,0.1122,8
50,CHAIN,3,9,0.3444,0.0678,3
50,CHAIN,3,10,0.3178,0.1167,1
50,CHAIN,3,11,0.3511,0.0978,22
50,CHAIN,3,12,0.3356,0.0767,4
50,CHAIN,3,13,0.3089,0.1100,0
50,CHAIN,3,14,0.3522,0.1000,44
50,CHAIN,3,15,0.3511,0.0944,0
50,CHAIN,3,16,0.3111,0.0733,7
50,CHAIN,3,17,0.3367,0.1178,15
50,CHAIN,3,18,0.3311,0.0733,1
50,CHAIN,3,19,0.3922,0.0867,5
50,CHAIN,4,0,0.0056,0.0022,533
50,CHAIN,4,1,0.0100,0.0022,146
50,CHAIN,4,2,0.0222,0.0022,417
50,CHAIN,4,3,0.0178,0.0022,379
50,CHAIN,4,4,0.0156,0.0011,37
50,CHAIN,4,5,0.0211,0.0011,586
50,CHAIN,4,6,0.0200,0.0011,135
50,CHAIN,4,7,0.0167,0.0011,735
50,CHAIN,4,8,0.0233,0.0022,441
50,CHAIN,4,9,0.0233,0.0033,56
50,CHAIN,4,10,0.0200,0.0022,191
50,CHAIN,4,11,0.0244,0.0022,109
50,CHAIN,4,12,0.0144,0.0011,718
50,CHAIN,4,13,0.0211,0.0011,814
50,CHAIN,4,14,0.0233,0.0033,446
50,CHAIN,4,15,0.0222,0.0011,394
50,CHAIN,4,16,0.0222,0.0000,None
50,CHAIN,4,17,0.0167,0.0022,411
50,CHAIN,4,18,0.0100,0.0000,None
50,CHAIN,4,19,0.0144,0.0022,609
50,CHAIN,5,0,0.0000,0.0000,None
50,CHAIN,5,1,0.0022,0.0000,None
50,CHAIN,5,2,0.0011,0.0000,None
50,CHAIN,5,3,0.0022,0.0000,None
50,CHAIN,5,4,0.0022,0.0000,None
50,CHAIN,5,5,0.0000,0.0000,None
50,CHAIN,5,6,0.0022,0.0000,None
50,CHAIN,5,7,0.0011,0.0000,None
50,CHAIN,5,8,0.0022,0.0000,None
50,CHAIN,5,9,0.0011,0.0000,None
50,CHAIN,5,10,0.0000,0.0000,None
50,CHAIN,5,11,0.0011,0.0000,None
50,CHAIN,5,12,0.0000,0.0000,None
50,CHAIN,5,13,0.0022,0.0000,None
50,CHAIN,5,14,0.0011,0.0000,None
50,CHAIN,5,15,0.0011,0.0000,None
50,CHAIN,5,16,0.0022,0.0011,169
50,CHAIN,5,17,0.0011,0.0000,None
50,CHAIN,5,18,0.0011,0.0000,None
50,CHAIN,5,19,0.0011,0.0000,None
100,CHAIN,3,0,0.3933,0.0933,7
100,CHAIN,3,1,0.3400,0.0900,4
100,CHAIN,3,2,0.3533,0.0611,42
100,CHAIN,3,3,0.3456,0.1022,0
100,CHAIN,3,4,0.3767,0.0844,15
100,CHAIN,3,5,0.3844,0.0989,5
100,CHAIN,3,6,0.3589,0.0978,7
100,CHAIN,3,7,0.3867,0.0967,7
100,CHAIN,3,8,0.3489,0.0833,21
100,CHAIN,3,9,0.3544,0.0733,22
100,CHAIN,3,10,0.3233,0.1100,4
100,CHAIN,3,11,0.3778,0.0967,0
100,CHAIN,3,12,0.3889,0.0611,11
100,CHAIN,3,13,0.3611,0.0967,3
100,CHAIN,3,14,0.3911,0.0722,19
100,CHAIN,3,15,0.3956,0.0778,27
100,CHAIN,3,16,0.3633,0.0611,3
100,CHAIN,3,17,0.3400,0.0756,39
100,CHAIN,3,18,0.3967,0.0611,2
100,CHAIN,3,19,0.4222,0.0511,7
100,CHAIN,4,0,0.0133,0.0022,669
100,CHAIN,4,1,0.0133,0.0022,24
100,CHAIN,4,2,0.0156,0.0033,48
100,CHAIN,4,3,0.0133,0.0000,None
100,CHAIN,4,4,0.0167,0.0022,689
100,CHAIN,4,5,0.0144,0.0022,184
100,CHAIN,4,6,0.0167,0.0011,763
100,CHAIN,4,7,0.0178,0.0022,196
100,CHAIN,4,8,0.0133,0.0022,511
100,CHAIN,4,9,0.0189,0.0033,307
100,CHAIN,4,10,0.0167,0.0011,667
100,CHAIN,4,11,0.0156,0.0000,None
100,CHAIN,4,12,0.0178,0.0000,None
100,CHAIN,4,13,0.0122,0.0033,134
100,CHAIN,4,14,0.0144,0.0000,None
100,CHAIN,4,15,0.0100,0.0022,190
100,CHAIN,4,16,0.0200,0.0033,617
100,CHAIN,4,17,0.0189,0.0056,131
100,CHAIN,4,18,0.0156,0.0011,895
100,CHAIN,4,19,0.0122,0.0000,None
100,CHAIN,5,0,0.0000,0.0000,None
100,CHAIN,5,1,0.0011,0.0000,None
100,CHAIN,5,2,0.0000,0.0000,None
100,CHAIN,5,3,0.0011,0.0000,None
100,CHAIN,5,4,0.0000,0.0000,None
100,CHAIN,5,5,0.0000,0.0000,None
100,CHAIN,5,6,0.0033,0.0000,None
100,CHAIN,5,7,0.0000,0.0000,None
100,CHAIN,5,8,0.0000,0.0000,None
100,CHAIN,5,9,0.0011,0.0000,None
100,CHAIN,5,10,0.0011,0.0000,None
100,CHAIN,5,11,0.0011,0.0000,None
100,CHAIN,5,12,0.0000,0.0000,None
100,CHAIN,5,13,0.0033,0.0000,None
100,CHAIN,5,14,0.0011,0.0000,None
100,CHAIN,5,15,0.0000,0.0000,None
100,CHAIN,5,16,0.0000,0.0000,None
100,CHAIN,5,17,0.0000,0.0000,None
100,CHAIN,5,18,0.0000,0.0000,None
100,CHAIN,5,19,0.0000,0.0000,None
150,CHAIN,3,0,0.3889,0.0733,6
150,CHAIN,3,1,0.4111,0.1133,1
150,CHAIN,3,2,0.3767,0.1289,6
150,CHAIN,3,3,0.3367,0.0700,33
150,CHAIN,3,4,0.3844,0.1022,13
150,CHAIN,3,5,0.3700,0.1022,1
150,CHAIN,3,6,0.3222,0.0844,0
150,CHAIN,3,7,0.3678,0.0856,9
150,CHAIN,3,8,0.3556,0.0967,40
150,CHAIN,3,9,0.3711,0.1100,5
150,CHAIN,3,10,0.3422,0.0589,24
150,CHAIN,3,11,0.3756,0.0767,1
150,CHAIN,3,12,0.3900,0.0700,9
150,CHAIN,3,13,0.3978,0.0922,17
150,CHAIN,3,14,0.3811,0.1044,1
150,CHAIN,3,15,0.3867,0.0544,12
150,CHAIN,3,16,0.3778,0.1156,9
150,CHAIN,3,17,0.3900,0.0722,20
150,CHAIN,3,18,0.4011,0.0889,2
150,CHAIN,3,19,0.4078,0.0989,12
150,CHAIN,4,0,0.0222,0.0033,96
150,CHAIN,4,1,0.0144,0.0022,182
150,CHAIN,4,2,0.0156,0.0022,506
150,CHAIN,4,3,0.0244,0.0089,19
150,CHAIN,4,4,0.0167,0.0033,384
150,CHAIN,4,5,0.0211,0.0011,397
150,CHAIN,4,6,0.0122,0.0022,290
150,CHAIN,4,7,0.0378,0.0011,605
150,CHAIN,4,8,0.0211,0.0022,199
150,CHAIN,4,9,0.0156,0.0022,140
150,CHAIN,4,10,0.0189,0.0011,623
150,CHAIN,4,11,0.0178,0.0011,348
150,CHAIN,4,12,0.0167,0.0033,387
150,CHAIN,4,13,0.0167,0.0022,38
150,CHAIN,4,14,0.0267,0.0000,None
150,CHAIN,4,15,0.0111,0.0000,None
150,CHAIN,4,16,0.0156,0.0022,501
150,CHAIN,4,17,0.0189,0.0000,None
150,CHAIN,4,18,0.0200,0.0033,203
150,CHAIN,4,19,0.0233,0.0000,None
150,CHAIN,5,0,0.0000,0.0000,None
150,CHAIN,5,1,0.0011,0.0000,None
150,CHAIN,5,2,0.0000,0.0000,None
150,CHAIN,5,3,0.0022,0.0000,None
150,CHAIN,5,4,0.0011,0.0000,None
150,CHAIN,5,5,0.0000,0.0000,None
150,CHAIN,5,6,0.0022,0.0000,None
150,CHAIN,5,7,0.0022,0.0000,None
150,CHAIN,5,8,0.0011,0.0000,None
150,CHAIN,5,9,0.0011,0.0000,None
150,CHAIN,5,10,0.0022,0.0000,None
150,CHAIN,5,11,0.0011,0.0000,None
150,CHAIN,5,12,0.0000,0.0000,None
150,CHAIN,5,13,0.0011,0.0000,None
150,CHAIN,5,14,0.0000,0.0000,None
150,CHAIN,5,15,0.0011,0.0000,None
150,CHAIN,5,16,0.0011,0.0000,None
150,CHAIN,5,17,0.0011,0.0000,None
150,CHAIN,5,18,0.0000,0.0000,None
150,CHAIN,5,19,0.0000,0.0000,None
200,CHAIN,3,0,0.3911,0.0911,18
200,CHAIN,3,1,0.3644,0.1156,3
200,CHAIN,3,2,0.3811,0.1033,6
200,CHAIN,3,3,0.3789,0.0867,7
200,CHAIN,3,4,0.3922,0.0700,19
200,CHAIN,3,5,0.3967,0.0978,1
200,CHAIN,3,6,0.3989,0.1267,9
200,CHAIN,3,7,0.4056,0.1067,7
200,CHAIN,3,8,0.3700,0.1156,0
200,CHAIN,3,9,0.3756,0.1344,4
200,CHAIN,3,10,0.4033,0.1189,27
200,CHAIN,3,11,0.3722,0.1078,1
200,CHAIN,3,12,0.3578,0.1000,1
200,CHAIN,3,13,0.3544,0.0978,8
200,CHAIN,3,14,0.3478,0.1044,22
200,CHAIN,3,15,0.3500,0.0944,2
200,CHAIN,3,16,0.3800,0.0889,4
200,CHAIN,3,17,0.3522,0.0678,5
200,CHAIN,3,18,0.3822,0.0889,5
200,CHAIN,3,19,0.3567,0.0722,8
200,CHAIN,4,0,0.0233,0.0033,194
200,CHAIN,4,1,0.0222,0.0033,120
200,CHAIN,4,2,0.0100,0.0000,None
200,CHAIN,4,3,0.0267,0.0044,24
200,CHAIN,4,4,0.0156,0.0011,895
200,CHAIN,4,5,0.0222,0.0044,506
200,CHAIN,4,6,0.0211,0.0011,710
200,CHAIN,4,7,0.0111,0.0011,533
200,CHAIN,4,8,0.0233,0.0033,79
200,CHAIN,4,9,0.0233,0.0022,286
200,CHAIN,4,10,0.0244,0.0044,129
200,CHAIN,4,11,0.0222,0.0022,813
200,CHAIN,4,12,0.0156,0.0033,140
200,CHAIN,4,13,0.0189,0.0022,360
200,CHAIN,4,14,0.0200,0.0044,66
200,CHAIN,4,15,0.0244,0.0056,322
200,CHAIN,4,16,0.0167,0.0033,213
200,CHAIN,4,17,0.0189,0.0011,687
200,CHAIN,4,18,0.0122,0.0033,151
200,CHAIN,4,19,0.0189,0.0033,92
200,CHAIN,5,0,0.0033,0.0000,None
200,CHAIN,5,1,0.0000,0.0000,None
200,CHAIN,5,2,0.0011,0.0000,None
200,CHAIN,5,3,0.0000,0.0000,None
200,CHAIN,5,4,0.0033,0.0000,None
200,CHAIN,5,5,0.0033,0.0000,None
200,CHAIN,5,6,0.0011,0.0000,None
200,CHAIN,5,7,0.0011,0.0000,None
200,CHAIN,5,8,0.0022,0.0000,None
200,CHAIN,5,9,0.0000,0.0000,None
200,CHAIN,5,10,0.0011,0.0000,None
200,CHAIN,5,11,0.0011,0.0000,None
200,CHAIN,5,12,0.0000,0.0000,None
200,CHAIN,5,13,0.0000,0.0000,None
200,CHAIN,5,14,0.0011,0.0000,None
200,CHAIN,5,15,0.0000,0.0000,None
200,CHAIN,5,16,0.0044,0.0000,None
200,CHAIN,5,17,0.0011,0.0000,None
200,CHAIN,5,18,0.0022,0.0000,None
200,CHAIN,5,19,0.0000,0.0000,None
250,CHAIN,3,0,0.4444,0.1422,0
250,CHAIN,3,1,0.4144,0.1144,4
250,CHAIN,3,2,0.4400,0.1722,3
250,CHAIN,3,3,0.3611,0.1178,0
250,CHAIN,3,4,0.4167,0.0889,5
250,CHAIN,3,5,0.4478,0.1011,0
250,CHAIN,3,6,0.3822,0.1311,4
250,CHAIN,3,7,0.4056,0.1078,4
250,CHAIN,3,8,0.3722,0.1056,2
250,CHAIN,3,9,0.3489,0.0778,5
250,CHAIN,3,10,0.4100,0.1256,0
250,CHAIN,3,11,0.3933,0.0933,91
250,CHAIN,3,12,0.3978,0.1244,7
250,CHAIN,3,13,0.3322,0.1022,8
250,CHAIN,3,14,0.3211,0.1311,7
250,CHAIN,3,15,0.3444,0.0878,8
250,CHAIN,3,16,0.4111,0.1067,14
250,CHAIN,3,17,0.4000,0.0800,10
250,CHAIN,3,18,0.4100,0.0767,19
250,CHAIN,3,19,0.3633,0.1044,5
250,CHAIN,4,0,0.0300,0.0067,262
250,CHAIN,4,1,0.0278,0.0067,40
250,CHAIN,4,2,0.0289,0.0033,42
250,CHAIN,4,3,0.0156,0.0011,608
250,CHAIN,4,4,0.0089,0.0011,518
250,CHAIN,4,5,0.0244,0.0011,830
250,CHAIN,4,6,0.0200,0.0000,None
250,CHAIN,4,7,0.0222,0.0011,410
250,CHAIN,4,8,0.0278,0.0011,433
250,CHAIN,4,9,0.0233,0.0022,160
250,CHAIN,4,10,0.0233,0.0011,309
250,CHAIN,4,11,0.0200,0.0044,398
250,CHAIN,4,12,0.0222,0.0011,76
250,CHAIN,4,13,0.0144,0.0011,737
250,CHAIN,4,14,0.0211,0.0000,None
250,CHAIN,4,15,0.0111,0.0011,419
250,CHAIN,4,16,0.0189,0.0011,162
250,CHAIN,4,17,0.0211,0.0011,245
250,CHAIN,4,18,0.0233,0.0033,232
250,CHAIN,4,19,0.0222,0.0022,542
250,CHAIN,5,0,0.0011,0.0000,None
250,CHAIN,5,1,0.0011,0.0000,None
250,CHAIN,5,2,0.0011,0.0000,None
250,CHAIN,5,3,0.0000,0.0000,None
250,CHAIN,5,4,0.0000,0.0000,None
250,CHAIN,5,5,0.0000,0.0000,None
250,CHAIN,5,6,0.0000,0.0000,None
250,CHAIN,5,7,0.0000,0.0000,None
250,CHAIN,5,8,0.0000,0.0000,None
250,CHAIN,5,9,0.0000,0.0000,None
250,CHAIN,5,10,0.0011,0.0000,None
250,CHAIN,5,11,0.0022,0.0000,None
250,CHAIN,5,12,0.0011,0.0000,None
250,CHAIN,5,13,0.0000,0.0000,None
250,CHAIN,5,14,0.0011,0.0000,None
250,CHAIN,5,15,0.0011,0.0000,None
250,CHAIN,5,16,0.0000,0.0000,None
250,CHAIN,5,17,0.0000,0.0000,None
250,CHAIN,5,18,0.0011,0.0000,None
250,CHAIN,5,19,0.0022,0.0000,None
500,CHAIN,3,0,0.4056,0.1233,4
500,CHAIN,3,1,0.4444,0.1056,22
500,CHAIN,3,2,0.4011,0.1378,0
500,CHAIN,3,3,0.4011,0.1267,4
500,CHAIN,3,4,0.3822,0.1256,4
500,CHAIN,3,5,0.3711,0.1778,8
500,CHAIN,3,6,0.3878,0.1233,35
500,CHAIN,3,7,0.4322,0.1167,9
500,CHAIN,3,8,0.4000,0.1367,1
500,CHAIN,3,9,0.4122,0.1344,4
500,CHAIN,3,10,0.3600,0.1411,3
500,CHAIN,3,11,0.3956,0.1500,0
500,CHAIN,3,12,0.3989,0.1544,5
500,CHAIN,3,13,0.4567,0.1289,3
500,CHAIN,3,14,0.3956,0.0933,21
500,CHAIN,3,15,0.4344,0.1500,24
500,CHAIN,3,16,0.4000,0.1011,27
500,CHAIN,3,17,0.4011,0.0911,4
500,CHAIN,3,18,0.3711,0.0967,25
500,CHAIN,3,19,0.4278,0.1211,16
500,CHAIN,4,0,0.0344,0.0078,228
500,CHAIN,4,1,0.0178,0.0022,46
500,CHAIN,4,2,0.0256,0.0022,335
500,CHAIN,4,3,0.0178,0.0011,424
500,CHAIN,4,4,0.0211,0.0022,654
500,CHAIN,4,5,0.0200,0.0011,711
500,CHAIN,4,6,0.0133,0.0000,None
500,CHAIN,4,7,0.0156,0.0022,309
500,CHAIN,4,8,0.0144,0.0000,None
500,CHAIN,4,9,0.0156,0.0033,478
500,CHAIN,4,10,0.0144,0.0011,741
500,CHAIN,4,11,0.0200,0.0011,480
500,CHAIN,4,12,0.0189,0.0022,37
500,CHAIN,4,13,0.0167,0.0022,317
500,CHAIN,4,14,0.0267,0.0022,71
500,CHAIN,4,15,0.0222,0.0033,593
500,CHAIN,4,16,0.0178,0.0033,16
500,CHAIN,4,17,0.0189,0.0033,67
500,CHAIN,4,18,0.0144,0.0044,537
500,CHAIN,4,19,0.0111,0.0000,None
500,CHAIN,5,0,0.0011,0.0000,None
500,CHAIN,5,1,0.0000,0.0000,None
500,CHAIN,5,2,0.0011,0.0000,None
500,CHAIN,5,3,0.0000,0.0000,None
500,CHAIN,5,4,0.0033,0.0000,None
500,CHAIN,5,5,0.0033,0.0000,None
500,CHAIN,5,6,0.0011,0.0000,None
500,CHAIN,5,7,0.0022,0.0000,None
500,CHAIN,5,8,0.0011,0.0000,None
500,CHAIN,5,9,0.0000,0.0000,None
500,CHAIN,5,10,0.0011,0.0000,None
500,CHAIN,5,11,0.0000,0.0000,None
500,CHAIN,5,12,0.0044,0.0000,None
500,CHAIN,5,13,0.0000,0.0000,None
500,CHAIN,5,14,0.0011,0.0000,None
500,CHAIN,5,15,0.0011,0.0011,823
500,CHAIN,5,16,0.0011,0.0000,None
500,CHAIN,5,17,0.0000,0.0000,None
500,CHAIN,5,18,0.0022,0.0000,None
500,CHAIN,5,19,0.0056,0.0000,None
1000,CHAIN,3,0,0.4122,0.1000,0
1000,CHAIN,3,1,0.4089,0.0811,2
1000,CHAIN,3,2,0.4156,0.1033,2
1000,CHAIN,3,3,0.3700,0.1089,7
1000,CHAIN,3,4,0.3867,0.1289,9
1000,CHAIN,3,5,0.3611,0.0778,18
1000,CHAIN,3,6,0.4256,0.0711,6
1000,CHAIN,3,7,0.4056,0.1178,0
1000,CHAIN,3,8,0.4333,0.0889,56
1000,CHAIN,3,9,0.4267,0.1044,10
1000,CHAIN,3,10,0.3856,0.0956,4
1000,CHAIN,3,11,0.4278,0.1089,0
1000,CHAIN,3,12,0.4300,0.0989,0
1000,CHAIN,3,13,0.3800,0.1100,1
1000,CHAIN,3,14,0.4589,0.1233,23
1000,CHAIN,3,15,0.4256,0.1289,4
1000,CHAIN,3,16,0.4367,0.1178,0
1000,CHAIN,3,17,0.4456,0.0844,3
1000,CHAIN,3,18,0.3922,0.1167,1
1000,CHAIN,3,19,0.4222,0.0933,3
1000,CHAIN,4,0,0.0233,0.0056,9
1000,CHAIN,4,1,0.0144,0.0022,64
1000,CHAIN,4,2,0.0222,0.0044,111
1000,CHAIN,4,3,0.0222,0.0011,322
1000,CHAIN,4,4,0.0200,0.0011,130
1000,CHAIN,4,5,0.0211,0.0011,285
1000,CHAIN,4,6,0.0156,0.0000,None
1000,CHAIN,4,7,0.0211,0.0000,None
1000,CHAIN,4,8,0.0144,0.0000,None
1000,CHAIN,4,9,0.0222,0.0011,475
1000,CHAIN,4,10,0.0167,0.0011,122
1000,CHAIN,4,11,0.0156,0.0000,None
1000,CHAIN,4,12,0.0211,0.0000,None
1000,CHAIN,4,13,0.0100,0.0000,None
1000,CHAIN,4,14,0.0144,0.0011,640
1000,CHAIN,4,15,0.0156,0.0033,287
1000,CHAIN,4,16,0.0156,0.0033,87
1000,CHAIN,4,17,0.0233,0.0011,556
1000,CHAIN,4,18,0.0100,0.0011,275
1000,CHAIN,4,19,0.0178,0.0000,None
1000,CHAIN,5,0,0.0000,0.0000,None
1000,CHAIN,5,1,0.0044,0.0000,None
1000,CHAIN,5,2,0.0022,0.0000,None
1000,CHAIN,5,3,0.0033,0.0000,None
1000,CHAIN,5,4,0.0000,0.0000,None
1000,CHAIN,5,5,0.0000,0.0000,None
1000,CHAIN,5,6,0.0000,0.0000,None
1000,CHAIN,5,7,0.0022,0.0000,None
1000,CHAIN,5,8,0.0011,0.0000,None
1000,CHAIN,5,9,0.0022,0.0000,None
1000,CHAIN,5,10,0.0000,0.0000,None
1000,CHAIN,5,11,0.0011,0.0000,None
1000,CHAIN,5,12,0.0000,0.0000,None
1000,CHAIN,5,13,0.0022,0.0000,None
1000,CHAIN,5,14,0.0022,0.0000,None
1000,CHAIN,5,15,0.0022,0.0000,None
1000,CHAIN,5,16,0.0044,0.0000,None
1000,CHAIN,5,17,0.0000,0.0000,None
1000,CHAIN,5,18,0.0011,0.0000,None
1000,CHAIN,5,19,0.0011,0.0000,None
0.5,STAR,4,0,0.0067,0.0000,None
0.5,STAR,4,1,0.0144,0.0022,275
0.5,STAR,4,2,0.0100,0.0033,67
0.5,STAR,4,3,0.0100,0.0011,273
0.5,STAR,4,4,0.0100,0.0000,None
0.5,STAR,4,5,0.0133,0.0022,48
0.5,STAR,4,6,0.0089,0.0033,302
0.5,STAR,4,7,0.0156,0.0033,762
0.5,STAR,4,8,0.0111,0.0033,65
0.5,STAR,4,9,0.0156,0.0089,71
0.5,STAR,4,10,0.0156,0.0022,150
0.5,STAR,4,11,0.0144,0.0011,350
0.5,STAR,4,12,0.0178,0.0033,469
0.5,STAR,4,13,0.0133,0.0044,51
0.5,STAR,4,14,0.0144,0.0033,7
0.5,STAR,4,15,0.0100,0.0011,90
0.5,STAR,4,16,0.0133,0.0033,229
0.5,STAR,4,17,0.0233,0.0056,128
0.5,STAR,4,18,0.0089,0.0000,None
0.5,STAR,4,19,0.0078,0.0022,146
0.5,STAR,5,0,0.0000,0.0000,None
0.5,STAR,5,1,0.0000,0.0000,None
0.5,STAR,5,2,0.0000,0.0000,None
0.5,STAR,5,3,0.0000,0.0000,None
0.5,STAR,5,4,0.0000,0.0000,None
0.5,STAR,5,5,0.0000,0.0000,None
0.5,STAR,5,6,0.0000,0.0000,None
0.5,STAR,5,7,0.0000,0.0000,None
0.5,STAR,5,8,0.0000,0.0000,None
0.5,STAR,5,9,0.0000,0.0000,None
0.5,STAR,5,10,0.0000,0.0000,None
0.5,STAR,5,11,0.0000,0.0000,None
0.5,STAR,5,12,0.0000,0.0000,None
0.5,STAR,5,13,0.0011,0.0000,None
0.5,STAR,5,14,0.0000,0.0000,None
0.5,STAR,5,15,0.0000,0.0000,None
0.5,STAR,5,16,0.0000,0.0000,None
0.5,STAR,5,17,0.0000,0.0000,None
0.5,STAR,5,18,0.0000,0.0000,None
0.5,STAR,5,19,0.0000,0.0000,None
2.5,STAR,4,0,0.0156,0.0011,637
2.5,STAR,4,1,0.0133,0.0011,588
2.5,STAR,4,2,0.0156,0.0022,652
2.5,STAR,4,3,0.0156,0.0033,369
2.5,STAR,4,4,0.0233,0.0056,260
2.5,STAR,4,5,0.0211,0.0022,2
2.5,STAR,4,6,0.0233,0.0033,251
2.5,STAR,4,7,0.0200,0.0011,719
2.5,STAR,4,8,0.0144,0.0033,460
2.5,STAR,4,9,0.0167,0.0056,149
2.5,STAR,4,10,0.0189,0.0022,542
2.5,STAR,4,11,0.0122,0.0022,263
2.5,STAR,4,12,0.0233,0.0033,268
2.5,STAR,4,13,0.0244,0.0022,368
2.5,STAR,4,14,0.0222,0.0067,108
2.5,STAR,4,15,0.0144,0.0011,90
2.5,STAR,4,16,0.0133,0.0033,614
2.5,STAR,4,17,0.0156,0.0056,98
2.5,STAR,4,18,0.0233,0.0022,236
2.5,STAR,4,19,0.0278,0.0078,37
2.5,STAR,5,0,0.0000,0.0000,None
2.5,STAR,5,1,0.0000,0.0000,None
2.5,STAR,5,2,0.0000,0.0000,None
2.5,STAR,5,3,0.0000,0.0000,None
2.5,STAR,5,4,0.0000,0.0000,None
2.5,STAR,5,5,0.0000,0.0000,None
2.5,STAR,5,6,0.0000,0.0000,None
2.5,STAR,5,7,0.0000,0.0000,None
2.5,STAR,5,8,0.0000,0.0000,None
2.5,STAR,5,9,0.0000,0.0000,None
2.5,STAR,5,10,0.0000,0.0000,None
2.5,STAR,5,11,0.0000,0.0000,None
2.5,STAR,5,12,0.0011,0.0000,None
2.5,STAR,5,13,0.0000,0.0000,None
2.5,STAR,5,14,0.0000,0.0000,None
2.5,STAR,5,15,0.0000,0.0000,None
2.5,STAR,5,16,0.0011,0.0000,None
2.5,STAR,5,17,0.0000,0.0000,None
2.5,STAR,5,18,0.0000,0.0000,None
2.5,STAR,5,19,0.0000,0.0000,None
5,STAR,4,0,0.0244,0.0022,57
5,STAR,4,1,0.0211,0.0011,887
5,STAR,4,2,0.0211,0.0033,604
5,STAR,4,3,0.0278,0.0022,70
5,STAR,4,4,0.0222,0.0044,206
5,STAR,4,5,0.0233,0.0044,341
5,STAR,4,6,0.0178,0.0044,219
5,STAR,4,7,0.0167,0.0000,None
5,STAR,4,8,0.0111,0.0011,706
5,STAR,4,9,0.0156,0.0011,236
5,STAR,4,10,0.0167,0.0044,104
5,STAR,4,11,0.0244,0.0022,354
5,STAR,4,12,0.0222,0.0033,226
5,STAR,4,13,0.0122,0.0033,8
5,STAR,4,14,0.0267,0.0033,435
5,STAR,4,15,0.0200,0.0011,67
5,STAR,4,16,0.0267,0.0067,248
5,STAR,4,17,0.0267,0.0056,165
5,STAR,4,18,0.0322,0.0044,28
5,STAR,4,19,0.0111,0.0022,621
5,STAR,5,0,0.0000,0.0000,None
5,STAR,5,1,0.0000,0.0000,None
5,STAR,5,2,0.0000,0.0000,None
5,STAR,5,3,0.0000,0.0000,None
5,STAR,5,4,0.0000,0.0000,None
5,STAR,5,5,0.0000,0.0000,None
5,STAR,5,6,0.0000,0.0000,None
5,STAR,5,7,0.0000,0.0000,None
5,STAR,5,8,0.0000,0.0000,None
5,STAR,5,9,0.0000,0.0000,None
5,STAR,5,10,0.0000,0.0000,None
5,STAR,5,11,0.0000,0.0000,None
5,STAR,5,12,0.0000,0.0000,None
5,STAR,5,13,0.0000,0.0000,None
5,STAR,5,14,0.0000,0.0000,None
5,STAR,5,15,0.0022,0.0000,None
5,STAR,5,16,0.0000,0.0000,None
5,STAR,5,17,0.0000,0.0000,None
5,STAR,5,18,0.0000,0.0000,None
5,STAR,5,19,0.0000,0.0000,None
7.5,STAR,4,0,0.0167,0.0022,50
7.5,STAR,4,1,0.0211,0.0033,159
7.5,STAR,4,2,0.0133,0.0000,None
7.5,STAR,4,3,0.0200,0.0044,193
7.5,STAR,4,4,0.0200,0.0022,392
7.5,STAR,4,5,0.0267,0.0067,64
7.5,STAR,4,6,0.0156,0.0033,364
7.5,STAR,4,7,0.0144,0.0011,149
7.5,STAR,4,8,0.0267,0.0067,56
7.5,STAR,4,9,0.0067,0.0011,592
7.5,STAR,4,10,0.0200,0.0011,10
7.5,STAR,4,11,0.0222,0.0067,93
7.5,STAR,4,12,0.0167,0.0022,674
7.5,STAR,4,13,0.0167,0.0000,None
7.5,STAR,4,14,0.0211,0.0044,244
7.5,STAR,4,15,0.0244,0.0011,772
7.5,STAR,4,16,0.0244,0.0033,174
7.5,STAR,4,17,0.0156,0.0056,137
7.5,STAR,4,18,0.0267,0.0033,87
7.5,STAR,4,19,0.0300,0.0056,97
7.5,STAR,5,0,0.0000,0.0000,None
7.5,STAR,5,1,0.0000,0.0000,None
7.5,STAR,5,2,0.0000,0.0000,None
7.5,STAR,5,3,0.0000,0.0000,None
7.5,STAR,5,4,0.0000,0.0000,None
7.5,STAR,5,5,0.0000,0.0000,None
7.5,STAR,5,6,0.0000,0.0000,None
7.5,STAR,5,7,0.0011,0.0000,None
7.5,STAR,5,8,0.0000,0.0000,None
7.5,STAR,5,9,0.0000,0.0000,None
7.5,STAR,5,10,0.0011,0.0000,None
7.5,STAR,5,11,0.0011,0.0000,None
7.5,STAR,5,12,0.0000,0.0000,None
7.5,STAR,5,13,0.0000,0.0000,None
7.5,STAR,5,14,0.0000,0.0000,None
7.5,STAR,5,15,0.0011,0.0011,648
7.5,STAR,5,16,0.0011,0.0000,None
7.5,STAR,5,17,0.0000,0.0000,None
7.5,STAR,5,18,0.0000,0.0000,None
7.5,STAR,5,19,0.0000,0.0000,None
10,STAR,4,0,0.0267,0.0078,49
10,STAR,4,1,0.0178,0.0022,379
10,STAR,4,2,0.0167,0.0011,879
10,STAR,4,3,0.0144,0.0044,414
10,STAR,4,4,0.0311,0.0056,3
10,STAR,4,5,0.0200,0.0011,694
10,STAR,4,6,0.0178,0.0011,367
10,STAR,4,7,0.0189,0.0022,319
10,STAR,4,8,0.0233,0.0044,210
10,STAR,4,9,0.0156,0.0033,79
10,STAR,4,10,0.0200,0.0044,5
10,STAR,4,11,0.0311,0.0033,153
10,STAR,4,12,0.0156,0.0044,235
10,STAR,4,13,0.0233,0.0022,259
10,STAR,4,14,0.0278,0.0033,159
10,STAR,4,15,0.0167,0.0033,247
10,STAR,4,16,0.0278,0.0033,87
10,STAR,4,17,0.0156,0.0000,None
10,STAR,4,18,0.0289,0.0022,148
10,STAR,4,19,0.0233,0.0056,46
10,STAR,5,0,0.0000,0.0000,None
10,STAR,5,1,0.0000,0.0000,None
10,STAR,5,2,0.0000,0.0000,None
10,STAR,5,3,0.0000,0.0000,None
10,STAR,5,4,0.0000,0.0000,None
10,STAR,5,5,0.0000,0.0000,None
10,STAR,5,6,0.0011,0.0000,None
10,STAR,5,7,0.0000,0.0000,None
10,STAR,5,8,0.0000,0.0000,None
10,STAR,5,9,0.0000,0.0000,None
10,STAR,5,10,0.0000,0.0000,None
10,STAR,5,11,0.0000,0.0000,None
10,STAR,5,12,0.0011,0.0011,430
10,STAR,5,13,0.0022,0.0000,None
10,STAR,5,14,0.0000,0.0000,None
10,STAR,5,15,0.0000,0.0000,None
10,STAR,5,16,0.0022,0.0000,None
10,STAR,5,17,0.0000,0.0000,None
10,STAR,5,18,0.0000,0.0000,None
10,STAR,5,19,0.0000,0.0000,None
50,STAR,4,0,0.0189,0.0022,751
50,STAR,4,1,0.0233,0.0022,166
50,STAR,4,2,0.0178,0.0011,484
50,STAR,4,3,0.0322,0.0033,389
50,STAR,4,4,0.0233,0.0044,13
50,STAR,4,5,0.0122,0.0022,64
50,STAR,4,6,0.0211,0.0044,48
50,STAR,4,7,0.0156,0.0033,563
50,STAR,4,8,0.0300,0.0022,440
50,STAR,4,9,0.0233,0.0022,804
50,STAR,4,10,0.0211,0.0022,116
50,STAR,4,11,0.0289,0.0067,247
50,STAR,4,12,0.0222,0.0000,None
50,STAR,4,13,0.0200,0.0067,282
50,STAR,4,14,0.0278,0.0033,81
50,STAR,4,15,0.0233,0.0067,188
50,STAR,4,16,0.0189,0.0056,141
50,STAR,4,17,0.0156,0.0011,173
50,STAR,4,18,0.0144,0.0044,450
50,STAR,4,19,0.0267,0.0056,116
50,STAR,5,0,0.0000,0.0000,None
50,STAR,5,1,0.0000,0.0000,None
50,STAR,5,2,0.0000,0.0000,None
50,STAR,5,3,0.0000,0.0000,None
50,STAR,5,4,0.0000,0.0000,None
50,STAR,5,5,0.0000,0.0000,None
50,STAR,5,6,0.0000,0.0000,None
50,STAR,5,7,0.0000,0.0000,None
50,STAR,5,8,0.0000,0.0000,None
50,STAR,5,9,0.0000,0.0000,None
50,STAR,5,10,0.0000,0.0000,None
50,STAR,5,11,0.0000,0.0000,None
50,STAR,5,12,0.0000,0.0000,None
50,STAR,5,13,0.0011,0.0011,35
50,STAR,5,14,0.0000,0.0000,None
50,STAR,5,15,0.0000,0.0000,None
50,STAR,5,16,0.0011,0.0000,None
50,STAR,5,17,0.0022,0.0000,None
50,STAR,5,18,0.0011,0.0000,None
50,STAR,5,19,0.0011,0.0000,None
100,STAR,4,0,0.0222,0.0022,192
100,STAR,4,1,0.0244,0.0011,93
100,STAR,4,2,0.0133,0.0011,169
100,STAR,4,3,0.0156,0.0033,6
100,STAR,4,4,0.0156,0.0033,221
100,STAR,4,5,0.0200,0.0022,240
100,STAR,4,6,0.0200,0.0033,291
100,STAR,4,7,0.0244,0.0056,287
100,STAR,4,8,0.0178,0.0033,84
100,STAR,4,9,0.0244,0.0011,236
100,STAR,4,10,0.0156,0.0022,292
100,STAR,4,11,0.0200,0.0022,110
100,STAR,4,12,0.0178,0.0000,None
100,STAR,4,13,0.0167,0.0011,101
100,STAR,4,14,0.0244,0.0044,373
100,STAR,4,15,0.0211,0.0022,21
100,STAR,4,16,0.0311,0.0078,5
100,STAR,4,17,0.0167,0.0022,685
100,STAR,4,18,0.0244,0.0067,39
100,STAR,4,19,0.0167,0.0022,71
100,STAR,5,0,0.0000,0.0000,None
100,STAR,5,1,0.0000,0.0000,None
100,STAR,5,2,0.0000,0.0000,None
100,STAR,5,3,0.0011,0.0000,None
100,STAR,5,4,0.0000,0.0000,None
100,STAR,5,5,0.0000,0.0000,None
100,STAR,5,6,0.0011,0.0000,None
100,STAR,5,7,0.0000,0.0000,None
100,STAR,5,8,0.0000,0.0000,None
100,STAR,5,9,0.0000,0.0000,None
100,STAR,5,10,0.0000,0.0000,None
100,STAR,5,11,0.0000,0.0000,None
100,STAR,5,12,0.0000,0.0000,None
100,STAR,5,13,0.0000,0.0000,None
100,STAR,5,14,0.0000,0.0000,None
100,STAR,5,15,0.0011,0.0000,None
100,STAR,5,16,0.0000,0.0000,None
100,STAR,5,17,0.0000,0.0000,None
100,STAR,5,18,0.0000,0.0000,None
100,STAR,5,19,0.0000,0.0000,None
150,STAR,4,0,0.0211,0.0000,None
150,STAR,4,1,0.0100,0.0011,801
150,STAR,4,2,0.0144,0.0022,433
150,STAR,4,3,0.0267,0.0022,793
150,STAR,4,4,0.0333,0.0044,96
150,STAR,4,5,0.0344,0.0044,2
150,STAR,4,6,0.0267,0.0011,702
150,STAR,4,7,0.0222,0.0022,287
150,STAR,4,8,0.0200,0.0044,95
150,STAR,4,9,0.0222,0.0033,272
150,STAR,4,10,0.0156,0.0044,177
150,STAR,4,11,0.0189,0.0011,800
150,STAR,4,12,0.0144,0.0033,126
150,STAR,4,13,0.0233,0.0078,131
150,STAR,4,14,0.0300,0.0033,247
150,STAR,4,15,0.0278,0.0078,111
150,STAR,4,16,0.0222,0.0067,120
150,STAR,4,17,0.0278,0.0056,15
150,STAR,4,18,0.0278,0.0033,65
150,STAR,4,19,0.0256,0.0044,168
150,STAR,5,0,0.0000,0.0000,None
150,STAR,5,1,0.0000,0.0000,None
150,STAR,5,2,0.0000,0.0000,None
150,STAR,5,3,0.0011,0.0000,None
150,STAR,5,4,0.0011,0.0000,None
150,STAR,5,5,0.0000,0.0000,None
150,STAR,5,6,0.0000,0.0000,None
150,STAR,5,7,0.0000,0.0000,None
150,STAR,5,8,0.0000,0.0000,None
150,STAR,5,9,0.0000,0.0000,None
150,STAR,5,10,0.0000,0.0000,None
150,STAR,5,11,0.0000,0.0000,None
150,STAR,5,12,0.0000,0.0000,None
150,STAR,5,13,0.0000,0.0000,None
150,STAR,5,14,0.0000,0.0000,None
150,STAR,5,15,0.0011,0.0011,219
150,STAR,5,16,0.0000,0.0000,None
150,STAR,5,17,0.0000,0.0000,None
150,STAR,5,18,0.0011,0.0000,None
150,STAR,5,19,0.0011,0.0000,None
200,STAR,4,0,0.0211,0.0056,35
200,STAR,4,1,0.0244,0.0022,530
200,STAR,4,2,0.0122,0.0033,216
200,STAR,4,3,0.0178,0.0033,208
200,STAR,4,4,0.0156,0.0022,438
200,STAR,4,5,0.0178,0.0022,61
200,STAR,4,6,0.0189,0.0022,390
200,STAR,4,7,0.0267,0.0056,130
200,STAR,4,8,0.0200,0.0022,339
200,STAR,4,9,0.0233,0.0022,221
200,STAR,4,10,0.0244,0.0033,96
200,STAR,4,11,0.0156,0.0044,427
200,STAR,4,12,0.0178,0.0022,87
200,STAR,4,13,0.0156,0.0056,288
200,STAR,4,14,0.0178,0.0044,128
200,STAR,4,15,0.0267,0.0056,313
200,STAR,4,16,0.0144,0.0044,256
200,STAR,4,17,0.0144,0.0033,137
200,STAR,4,18,0.0233,0.0033,12
200,STAR,4,19,0.0200,0.0044,32
200,STAR,5,0,0.0011,0.0000,None
200,STAR,5,1,0.0000,0.0000,None
200,STAR,5,2,0.0000,0.0000,None
200,STAR,5,3,0.0000,0.0000,None
200,STAR,5,4,0.0000,0.0000,None
200,STAR,5,5,0.0000,0.0000,None
200,STAR,5,6,0.0000,0.0000,None
200,STAR,5,7,0.0011,0.0000,None
200,STAR,5,8,0.0000,0.0000,None
200,STAR,5,9,0.0000,0.0000,None
200,STAR,5,10,0.0000,0.0000,None
200,STAR,5,11,0.0000,0.0000,None
200,STAR,5,12,0.0000,0.0000,None
200,STAR,5,13,0.0011,0.0000,None
200,STAR,5,14,0.0022,0.0000,None
200,STAR,5,15,0.0000,0.0000,None
200,STAR,5,16,0.0000,0.0000,None
200,STAR,5,17,0.0000,0.0000,None
200,STAR,5,18,0.0000,0.0000,None
200,STAR,5,19,0.0011,0.0000,None
250,STAR,4,0,0.0133,0.0044,159
250,STAR,4,1,0.0178,0.0011,786
250,STAR,4,2,0.0167,0.0044,41
250,STAR,4,3,0.0300,0.0044,19
250,STAR,4,4,0.0178,0.0000,None
250,STAR,4,5,0.0222,0.0044,168
250,STAR,4,6,0.0222,0.0011,631
250,STAR,4,7,0.0233,0.0033,221
250,STAR,4,8,0.0344,0.0044,19
250,STAR,4,9,0.0189,0.0011,13
250,STAR,4,10,0.0144,0.0011,187
250,STAR,4,11,0.0200,0.0000,None
250,STAR,4,12,0.0256,0.0033,723
250,STAR,4,13,0.0233,0.0044,477
250,STAR,4,14,0.0200,0.0044,290
250,STAR,4,15,0.0156,0.0011,275
250,STAR,4,16,0.0256,0.0056,319
250,STAR,4,17,0.0133,0.0033,765
250,STAR,4,18,0.0156,0.0022,792
250,STAR,4,19,0.0244,0.0022,80
250,STAR,5,0,0.0000,0.0000,None
250,STAR,5,1,0.0000,0.0000,None
250,STAR,5,2,0.0011,0.0000,None
250,STAR,5,3,0.0000,0.0000,None
250,STAR,5,4,0.0000,0.0000,None
250,STAR,5,5,0.0000,0.0000,None
250,STAR,5,6,0.0000,0.0000,None
250,STAR,5,7,0.0011,0.0011,867
250,STAR,5,8,0.0011,0.0000,None
250,STAR,5,9,0.0011,0.0000,None
250,STAR,5,10,0.0011,0.0000,None
250,STAR,5,11,0.0011,0.0000,None
250,STAR,5,12,0.0011,0.0000,None
250,STAR,5,13,0.0000,0.0000,None
250,STAR,5,14,0.0000,0.0000,None
250,STAR,5,15,0.0000,0.0000,None
250,STAR,5,16,0.0000,0.0000,None
250,STAR,5,17,0.0000,0.0000,None
250,STAR,5,18,0.0000,0.0000,None
250,STAR,5,19,0.0000,0.0000,None
500,STAR,4,0,0.0233,0.0078,3
500,STAR,4,1,0.0156,0.0067,27
500,STAR,4,2,0.0144,0.0044,235
500,STAR,4,3,0.0267,0.0056,477
500,STAR,4,4,0.0222,0.0056,290
500,STAR,4,5,0.0256,0.0056,129
500,STAR,4,6,0.0189,0.0011,781
500,STAR,4,7,0.0233,0.0022,76
500,STAR,4,8,0.0189,0.0056,176
500,STAR,4,9,0.0200,0.0067,82
500,STAR,4,10,0.0167,0.0022,148
500,STAR,4,11,0.0222,0.0056,182
500,STAR,4,12,0.0189,0.0022,185
500,STAR,4,13,0.0211,0.0011,25
500,STAR,4,14,0.0200,0.0056,260
500,STAR,4,15,0.0244,0.0044,204
500,STAR,4,16,0.0244,0.0022,246
500,STAR,4,17,0.0222,0.0022,339
500,STAR,4,18,0.0156,0.0022,21
500,STAR,4,19,0.0233,0.0078,1
500,STAR,5,0,0.0000,0.0000,None
500,STAR,5,1,0.0011,0.0000,None
500,STAR,5,2,0.0000,0.0000,None
500,STAR,5,3,0.0000,0.0000,None
500,STAR,5,4,0.0022,0.0000,None
500,STAR,5,5,0.0000,0.0000,None
500,STAR,5,6,0.0011,0.0000,None
500,STAR,5,7,0.0000,0.0000,None
500,STAR,5,8,0.0011,0.0000,None
500,STAR,5,9,0.0000,0.0000,None
500,STAR,5,10,0.0011,0.0000,None
500,STAR,5,11,0.0000,0.0000,None
500,STAR,5,12,0.0000,0.0000,None
500,STAR,5,13,0.0000,0.0000,None
500,STAR,5,14,0.0000,0.0000,None
500,STAR,5,15,0.0000,0.0000,None
500,STAR,5,16,0.0000,0.0000,None
500,STAR,5,17,0.0000,0.0000,None
500,STAR,5,18,0.0000,0.0000,None
500,STAR,5,19,0.0011,0.0000,None
1000,STAR,4,0,0.0178,0.0067,49
1000,STAR,4,1,0.0278,0.0056,120
1000,STAR,4,2,0.0311,0.0056,301
1000,STAR,4,3,0.0367,0.0089,182
1000,STAR,4,4,0.0189,0.0022,369
1000,STAR,4,5,0.0200,0.0033,338
1000,STAR,4,6,0.0189,0.0056,2
1000,STAR,4,7,0.0267,0.0044,274
1000,STAR,4,8,0.0211,0.0022,277
1000,STAR,4,9,0.0200,0.0067,52
1000,STAR,4,10,0.0233,0.0056,118
1000,STAR,4,11,0.0233,0.0033,157
1000,STAR,4,12,0.0244,0.0044,92
1000,STAR,4,13,0.0144,0.0011,347
1000,STAR,4,14,0.0333,0.0033,159
1000,STAR,4,15,0.0156,0.0011,407
1000,STAR,4,16,0.0289,0.0022,108
1000,STAR,4,17,0.0333,0.0044,22
1000,STAR,4,18,0.0311,0.0044,229
1000,STAR,4,19,0.0289,0.0056,14
1000,STAR,5,0,0.0011,0.0000,None
1000,STAR,5,1,0.0000,0.0000,None
1000,STAR,5,2,0.0000,0.0000,None
1000,STAR,5,3,0.0000,0.0000,None
1000,STAR,5,4,0.0000,0.0000,None
1000,STAR,5,5,0.0000,0.0000,None
1000,STAR,5,6,0.0011,0.0000,None
1000,STAR,5,7,0.0000,0.0000,None
1000,STAR,5,8,0.0011,0.0000,None
1000,STAR,5,9,0.0033,0.0000,None
1000,STAR,5,10,0.0000,0.0000,None
1000,STAR,5,11,0.0000,0.0000,None
1000,STAR,5,12,0.0000,0.0000,None
1000,STAR,5,13,0.0011,0.0000,None
1000,STAR,5,14,0.0000,0.0000,None
1000,STAR,5,15,0.0000,0.0000,None
1000,STAR,5,16,0.0000,0.0000,None
1000,STAR,5,17,0.0000,0.0000,None
1000,STAR,5,18,0.0000,0.0000,None
1000,STAR,5,19,0.0011,0.0000,None
0.5,CYCLE,3,0,0.1800,0.0611,0
0.5,CYCLE,3,1,0.2067,0.0711,21
0.5,CYCLE,3,2,0.2300,0.0744,9
0.5,CYCLE,3,3,0.1856,0.0556,12
0.5,CYCLE,3,4,0.1922,0.0800,9
0.5,CYCLE,3,5,0.2067,0.0889,10
0.5,CYCLE,3,6,0.2078,0.0822,10
0.5,CYCLE,3,7,0.2244,0.1100,22
0.5,CYCLE,3,8,0.1878,0.0867,5
0.5,CYCLE,3,9,0.2256,0.0744,4
0.5,CYCLE,3,10,0.2033,0.0778,1
0.5,CYCLE,3,11,0.2244,0.1178,14
0.5,CYCLE,3,12,0.2244,0.0678,19
0.5,CYCLE,3,13,0.2111,0.0844,2
0.5,CYCLE,3,14,0.2044,0.0967,0
0.5,CYCLE,3,15,0.2111,0.0667,18
0.5,CYCLE,3,16,0.1933,0.0578,0
0.5,CYCLE,3,17,0.2044,0.0811,9
0.5,CYCLE,3,18,0.2022,0.0778,26
0.5,CYCLE,3,19,0.2222,0.1056,0
0.5,CYCLE,4,0,0.0178,0.0044,108
0.5,CYCLE,4,1,0.0089,0.0000,None
0.5,CYCLE,4,2,0.0133,0.0033,17
0.5,CYCLE,4,3,0.0144,0.0022,215
0.5,CYCLE,4,4,0.0144,0.0022,451
0.5,CYCLE,4,5,0.0100,0.0011,689
0.5,CYCLE,4,6,0.0167,0.0000,None
0.5,CYCLE,4,7,0.0211,0.0011,447
0.5,CYCLE,4,8,0.0144,0.0022,119
0.5,CYCLE,4,9,0.0133,0.0011,327
0.5,CYCLE,4,10,0.0144,0.0033,37
0.5,CYCLE,4,11,0.0222,0.0022,53
0.5,CYCLE,4,12,0.0189,0.0022,23
0.5,CYCLE,4,13,0.0222,0.0033,117
0.5,CYCLE,4,14,0.0222,0.0011,331
0.5,CYCLE,4,15,0.0122,0.0000,None
0.5,CYCLE,4,16,0.0167,0.0000,None
0.5,CYCLE,4,17,0.0222,0.0011,251
0.5,CYCLE,4,18,0.0078,0.0000,None
0.5,CYCLE,4,19,0.0167,0.0011,572
0.5,CYCLE,5,0,0.0000,0.0000,None
0.5,CYCLE,5,1,0.0011,0.0000,None
0.5,CYCLE,5,2,0.0000,0.0000,None
0.5,CYCLE,5,3,0.0000,0.0000,None
0.5,CYCLE,5,4,0.0000,0.0000,None
0.5,CYCLE,5,5,0.0000,0.0000,None
0.5,CYCLE,5,6,0.0000,0.0000,None
0.5,CYCLE,5,7,0.0000,0.0000,None
0.5,CYCLE,5,8,0.0000,0.0000,None
0.5,CYCLE,5,9,0.0011,0.0000,None
0.5,CYCLE,5,10,0.0000,0.0000,None
0.5,CYCLE,5,11,0.0000,0.0000,None
0.5,CYCLE,5,12,0.0011,0.0000,None
0.5,CYCLE,5,13,0.0000,0.0000,None
0.5,CYCLE,5,14,0.0000,0.0000,None
0.5,CYCLE,5,15,0.0000,0.0000,None
0.5,CYCLE,5,16,0.0000,0.0000,None
0.5,CYCLE,5,17,0.0011,0.0000,None
0.5,CYCLE,5,18,0.0000,0.0000,None
0.5,CYCLE,5,19,0.0022,0.0000,None
2.5,CYCLE,3,0,0.2644,0.0922,3
2.5,CYCLE,3,1,0.2578,0.1178,1
2.5,CYCLE,3,2,0.2200,0.1100,3
2.5,CYCLE,3,3,0.2089,0.0900,17
2.5,CYCLE,3,4,0.2378,0.0889,30
2.5,CYCLE,3,5,0.2533,0.0689,5
2.5,CYCLE,3,6,0.2489,0.0878,3
2.5,CYCLE,3,7,0.2644,0.1367,7
2.5,CYCLE,3,8,0.2644,0.0956,55
2.5,CYCLE,3,9,0.2411,0.0844,9
2.5,CYCLE,3,10,0.2189,0.0822,12
2.5,CYCLE,3,11,0.2367,0.0933,4
2.5,CYCLE,3,12,0.2122,0.0978,11
2.5,CYCLE,3,13,0.2522,0.0933,0
2.5,CYCLE,3,14,0.2178,0.1144,3
2.5,CYCLE,3,15,0.2256,0.0767,9
2.5,CYCLE,3,16,0.2522,0.1078,7
2.5,CYCLE,3,17,0.2622,0.1056,7
2.5,CYCLE,3,18,0.2656,0.0789,18
2.5,CYCLE,3,19,0.2533,0.0611,17
2.5,CYCLE,4,0,0.0244,0.0000,None
2.5,CYCLE,4,1,0.0400,0.0033,147
2.5,CYCLE,4,2,0.0278,0.0022,242
2.5,CYCLE,4,3,0.0356,0.0033,81
2.5,CYCLE,4,4,0.0289,0.0011,39
2.5,CYCLE,4,5,0.0378,0.0044,111
2.5,CYCLE,4,6,0.0378,0.0022,365
2.5,CYCLE,4,7,0.0344,0.0022,558
2.5,CYCLE,4,8,0.0156,0.0011,33
2.5,CYCLE,4,9,0.0311,0.0011,839
2.5,CYCLE,4,10,0.0400,0.0011,846
2.5,CYCLE,4,11,0.0311,0.0011,679
2.5,CYCLE,4,12,0.0367,0.0056,449
2.5,CYCLE,4,13,0.0289,0.0022,297
2.5,CYCLE,4,14,0.0311,0.0022,27
2.5,CYCLE,4,15,0.0244,0.0011,192
2.5,CYCLE,4,16,0.0211,0.0011,765
2.5,CYCLE,4,17,0.0311,0.0011,342
2.5,CYCLE,4,18,0.0333,0.0011,176
2.5,CYCLE,4,19,0.0333,0.0033,266
2.5,CYCLE,5,0,0.0000,0.0000,None
2.5,CYCLE,5,1,0.0000,0.0000,None
2.5,CYCLE,5,2,0.0000,0.0000,None
2.5,CYCLE,5,3,0.0000,0.0000,None
2.5,CYCLE,5,4,0.0000,0.0000,None
2.5,CYCLE,5,5,0.0000,0.0000,None
2.5,CYCLE,5,6,0.0000,0.0000,None
2.5,CYCLE,5,7,0.0011,0.0000,None
2.5,CYCLE,5,8,0.0000,0.0000,None
2.5,CYCLE,5,9,0.0000,0.0000,None
2.5,CYCLE,5,10,0.0000,0.0000,None
2.5,CYCLE,5,11,0.0000,0.0000,None
2.5,CYCLE,5,12,0.0000,0.0000,None
2.5,CYCLE,5,13,0.0000,0.0000,None
2.5,CYCLE,5,14,0.0000,0.0000,None
2.5,CYCLE,5,15,0.0011,0.0000,None
2.5,CYCLE,5,16,0.0000,0.0000,None
2.5,CYCLE,5,17,0.0000,0.0000,None
2.5,CYCLE,5,18,0.0000,0.0000,None
2.5,CYCLE,5,19,0.0000,0.0000,None
5,CYCLE,3,0,0.2222,0.0944,24
5,CYCLE,3,1,0.2278,0.1044,13
5,CYCLE,3,2,0.2678,0.0967,13
5,CYCLE,3,3,0.2367,0.1044,4
5,CYCLE,3,4,0.2678,0.1389,4
5,CYCLE,3,5,0.2400,0.0889,27
5,CYCLE,3,6,0.2744,0.1300,1
5,CYCLE,3,7,0.2689,0.1467,1
5,CYCLE,3,8,0.2611,0.1544,0
5,CYCLE,3,9,0.2844,0.1244,11
5,CYCLE,3,10,0.2467,0.1011,4
5,CYCLE,3,11,0.2900,0.1633,3
5,CYCLE,3,12,0.2622,0.1422,15
5,CYCLE,3,13,0.2489,0.1089,2
5,CYCLE,3,14,0.2567,0.1267,0
5,CYCLE,3,15,0.2833,0.1544,4
5,CYCLE,3,16,0.2622,0.1156,36
5,CYCLE,3,17,0.2567,0.1289,12
5,CYCLE,3,18,0.3022,0.1333,1
5,CYCLE,3,19,0.2767,0.1556,4
5,CYCLE,4,0,0.0356,0.0056,260
5,CYCLE,4,1,0.0322,0.0056,82
5,CYCLE,4,2,0.0311,0.0000,None
5,CYCLE,4,3,0.0278,0.0044,27
5,CYCLE,4,4,0.0367,0.0033,99
5,CYCLE,4,5,0.0344,0.0022,204
5,CYCLE,4,6,0.0200,0.0022,212
5,CYCLE,4,7,0.0356,0.0033,365
5,CYCLE,4,8,0.0344,0.0011,693
5,CYCLE,4,9,0.0256,0.0033,249
5,CYCLE,4,10,0.0211,0.0011,816
5,CYCLE,4,11,0.0322,0.0044,486
5,CYCLE,4,12,0.0389,0.0044,102
5,CYCLE,4,13,0.0356,0.0033,833
5,CYCLE,4,14,0.0556,0.0033,509
5,CYCLE,4,15,0.0278,0.0022,226
5,CYCLE,4,16,0.0311,0.0022,144
5,CYCLE,4,17,0.0233,0.0011,408
5,CYCLE,4,18,0.0211,0.0000,None
5,CYCLE,4,19,0.0322,0.0033,127
5,CYCLE,5,0,0.0000,0.0000,None
5,CYCLE,5,1,0.0000,0.0000,None
5,CYCLE,5,2,0.0000,0.0000,None
5,CYCLE,5,3,0.0000,0.0000,None
5,CYCLE,5,4,0.0000,0.0000,None
5,CYCLE,5,5,0.0000,0.0000,None
5,CYCLE,5,6,0.0000,0.0000,None
5,CYCLE,5,7,0.0011,0.0000,None
5,CYCLE,5,8,0.0000,0.0000,None
5,CYCLE,5,9,0.0000,0.0000,None
5,CYCLE,5,10,0.0000,0.0000,None
5,CYCLE,5,11,0.0000,0.0000,None
5,CYCLE,5,12,0.0000,0.0000,None
5,CYCLE,5,13,0.0000,0.0000,None
5,CYCLE,5,14,0.0000,0.0000,None
5,CYCLE,5,15,0.0000,0.0000,None
5,CYCLE,5,16,0.0000,0.0000,None
5,CYCLE,5,17,0.0011,0.0000,None
5,CYCLE,5,18,0.0000,0.0000,None
5,CYCLE,5,19,0.0000,0.0000,None
7.5,CYCLE,3,0,0.2522,0.1400,2
7.5,CYCLE,3,1,0.2678,0.1122,2
7.5,CYCLE,3,2,0.3222,0.1511,4
7.5,CYCLE,3,3,0.2722,0.1222,29
7.5,CYCLE,3,4,0.2444,0.0889,50
7.5,CYCLE,3,5,0.2767,0.1089,9
7.5,CYCLE,3,6,0.2900,0.1311,3
7.5,CYCLE,3,7,0.2433,0.1100,4
7.5,CYCLE,3,8,0.2867,0.1200,22
7.5,CYCLE,3,9,0.2489,0.0900,21
7.5,CYCLE,3,10,0.2544,0.0900,20
7.5,CYCLE,3,11,0.2456,0.0833,13
7.5,CYCLE,3,12,0.2722,0.1400,1
7.5,CYCLE,3,13,0.2611,0.0867,0
7.5,CYCLE,3,14,0.2889,0.1156,13
7.5,CYCLE,3,15,0.2711,0.0989,4
7.5,CYCLE,3,16,0.2600,0.0589,12
7.5,CYCLE,3,17,0.2800,0.1122,0
7.5,CYCLE,3,18,0.2667,0.0967,12
7.5,CYCLE,3,19,0.2811,0.1178,12
7.5,CYCLE,4,0,0.0244,0.0022,105
7.5,CYCLE,4,1,0.0278,0.0000,None
7.5,CYCLE,4,2,0.0333,0.0033,201
7.5,CYCLE,4,3,0.0322,0.0011,205
7.5,CYCLE,4,4,0.0333,0.0022,150
7.5,CYCLE,4,5,0.0244,0.0000,None
7.5,CYCLE,4,6,0.0333,0.0011,148
7.5,CYCLE,4,7,0.0267,0.0000,None
7.5,CYCLE,4,8,0.0322,0.0033,535
7.5,CYCLE,4,9,0.0289,0.0011,476
7.5,CYCLE,4,10,0.0267,0.0022,426
7.5,CYCLE,4,11,0.0344,0.0022,115
7.5,CYCLE,4,12,0.0256,0.0000,None
7.5,CYCLE,4,13,0.0344,0.0022,45
7.5,CYCLE,4,14,0.0444,0.0000,None
7.5,CYCLE,4,15,0.0422,0.0033,184
7.5,CYCLE,4,16,0.0322,0.0000,None
7.5,CYCLE,4,17,0.0289,0.0022,120
7.5,CYCLE,4,18,0.0344,0.0011,20
7.5,CYCLE,4,19,0.0322,0.0011,60
7.5,CYCLE,5,0,0.0011,0.0000,None
7.5,CYCLE,5,1,0.0000,0.0000,None
7.5,CYCLE,5,2,0.0000,0.0000,None
7.5,CYCLE,5,3,0.0000,0.0000,None
7.5,CYCLE,5,4,0.0000,0.0000,None
7.5,CYCLE,5,5,0.0000,0.0000,None
7.5,CYCLE,5,6,0.0000,0.0000,None
7.5,CYCLE,5,7,0.0000,0.0000,None
7.5,CYCLE,5,8,0.0000,0.0000,None
7.5,CYCLE,5,9,0.0000,0.0000,None
7.5,CYCLE,5,10,0.0000,0.0000,None
7.5,CYCLE,5,11,0.0011,0.0000,None
7.5,CYCLE,5,12,0.0000,0.0000,None
7.5,CYCLE,5,13,0.0000,0.0000,None
7.5,CYCLE,5,14,0.0000,0.0000,None
7.5,CYCLE,5,15,0.0000,0.0000,None
7.5,CYCLE,5,16,0.0000,0.0000,None
7.5,CYCLE,5,17,0.0000,0.0000,None
7.5,CYCLE,5,18,0.0000,0.0000,None
7.5,CYCLE,5,19,0.0000,0.0000,None
10,CYCLE,3,0,0.2711,0.0633,7
10,CYCLE,3,1,0.2656,0.0889,0
10,CYCLE,3,2,0.2467,0.0733,39
10,CYCLE,3,3,0.2511,0.1000,10
10,CYCLE,3,4,0.2833,0.1078,19
10,CYCLE,3,5,0.2800,0.1356,8
10,CYCLE,3,6,0.2533,0.1122,0
10,CYCLE,3,7,0.3067,0.1478,6
10,CYCLE,3,8,0.2833,0.1256,29
10,CYCLE,3,9,0.2711,0.1011,7
10,CYCLE,3,10,0.2567,0.1056,19
10,CYCLE,3,11,0.2944,0.1033,5
10,CYCLE,3,12,0.2567,0.0822,10
10,CYCLE,3,13,0.2800,0.1300,19
10,CYCLE,3,14,0.2733,0.1567,1
10,CYCLE,3,15,0.2744,0.0967,1
10,CYCLE,3,16,0.3167,0.1433,12
10,CYCLE,3,17,0.2733,0.1567,1
10,CYCLE,3,18,0.2578,0.1089,9
10,CYCLE,3,19,0.3089,0.1533,4
10,CYCLE,4,0,0.0367,0.0011,746
10,CYCLE,4,1,0.0322,0.0022,369
10,CYCLE,4,2,0.0367,0.0044,118
10,CYCLE,4,3,0.0344,0.0056,17
10,CYCLE,4,4,0.0433,0.0033,3
10,CYCLE,4,5,0.0322,0.0078,8
10,CYCLE,4,6,0.0256,0.0022,115
10,CYCLE,4,7,0.0311,0.0067,110
10,CYCLE,4,8,0.0344,0.0067,335
10,CYCLE,4,9,0.0289,0.0011,817
10,CYCLE,4,10,0.0233,0.0033,7
10,CYCLE,4,11,0.0411,0.0078,319
10,CYCLE,4,12,0.0356,0.0044,112
10,CYCLE,4,13,0.0467,0.0078,29
10,CYCLE,4,14,0.0322,0.0033,253
10,CYCLE,4,15,0.0400,0.0056,132
10,CYCLE,4,16,0.0256,0.0011,46
10,CYCLE,4,17,0.0211,0.0033,191
10,CYCLE,4,18,0.0344,0.0011,132
10,CYCLE,4,19,0.0289,0.0022,448
10,CYCLE,5,0,0.0000,0.0000,None
10,CYCLE,5,1,0.0000,0.0000,None
10,CYCLE,5,2,0.0011,0.0000,None
10,CYCLE,5,3,0.0000,0.0000,None
10,CYCLE,5,4,0.0022,0.0000,None
10,CYCLE,5,5,0.0000,0.0000,None
10,CYCLE,5,6,0.0000,0.0000,None
10,CYCLE,5,7,0.0000,0.0000,None
10,CYCLE,5,8,0.0000,0.0000,None
10,CYCLE,5,9,0.0000,0.0000,None
10,CYCLE,5,10,0.0000,0.0000,None
10,CYCLE,5,11,0.0011,0.0000,None
10,CYCLE,5,12,0.0000,0.0000,None
10,CYCLE,5,13,0.0000,0.0000,None
10,CYCLE,5,14,0.0000,0.0000,None
10,CYCLE,5,15,0.0000,0.0000,None
10,CYCLE,5,16,0.0000,0.0000,None
10,CYCLE,5,17,0.0000,0.0000,None
10,CYCLE,5,18,0.0000,0.0000,None
10,CYCLE,5,19,0.0000,0.0000,None
50,CYCLE,3,0,0.3322,0.2133,0
50,CYCLE,3,1,0.2567,0.1367,19
50,CYCLE,3,2,0.2867,0.1533,12
50,CYCLE,3,3,0.2744,0.1389,13
50,CYCLE,3,4,0.3000,0.1500,16
50,CYCLE,3,5,0.2811,0.1289,1
50,CYCLE,3,6,0.3044,0.1233,5
50,CYCLE,3,7,0.3189,0.1789,3
50,CYCLE,3,8,0.2856,0.1589,5
50,CYCLE,3,9,0.2844,0.1556,3
50,CYCLE,3,10,0.3000,0.1367,8
50,CYCLE,3,11,0.3000,0.1256,9
50,CYCLE,3,12,0.2989,0.1244,3
50,CYCLE,3,13,0.3278,0.1456,8
50,CYCLE,3,14,0.2922,0.1244,34
50,CYCLE,3,15,0.2878,0.1411,2
50,CYCLE,3,16,0.2800,0.1344,9
50,CYCLE,3,17,0.2678,0.0744,18
50,CYCLE,3,18,0.2778,0.1367,6
50,CYCLE,3,19,0.2756,0.1256,20
50,CYCLE,4,0,0.0489,0.0022,628
50,CYCLE,4,1,0.0433,0.0022,50
50,CYCLE,4,2,0.0411,0.0011,180
50,CYCLE,4,3,0.0333,0.0044,626
50,CYCLE,4,4,0.0433,0.0022,336
50,CYCLE,4,5,0.0278,0.0011,663
50,CYCLE,4,6,0.0378,0.0044,130
50,CYCLE,4,7,0.0433,0.0022,409
50,CYCLE,4,8,0.0422,0.0044,164
50,CYCLE,4,9,0.0378,0.0033,14
50,CYCLE,4,10,0.0344,0.0056,76
50,CYCLE,4,11,0.0456,0.0044,36
50,CYCLE,4,12,0.0422,0.0022,393
50,CYCLE,4,13,0.0356,0.0078,226
50,CYCLE,4,14,0.0367,0.0022,628
50,CYCLE,4,15,0.0267,0.0022,55
50,CYCLE,4,16,0.0411,0.0033,96
50,CYCLE,4,17,0.0322,0.0033,60
50,CYCLE,4,18,0.0367,0.0022,210
50,CYCLE,4,19,0.0300,0.0033,196
50,CYCLE,5,0,0.0000,0.0000,None
50,CYCLE,5,1,0.0022,0.0000,None
50,CYCLE,5,2,0.0000,0.0000,None
50,CYCLE,5,3,0.0011,0.0000,None
50,CYCLE,5,4,0.0011,0.0000,None
50,CYCLE,5,5,0.0000,0.0000,None
50,CYCLE,5,6,0.0000,0.0000,None
50,CYCLE,5,7,0.0000,0.0000,None
50,CYCLE,5,8,0.0011,0.0000,None
50,CYCLE,5,9,0.0000,0.0000,None
50,CYCLE,5,10,0.0000,0.0000,None
50,CYCLE,5,11,0.0000,0.0000,None
50,CYCLE,5,12,0.0000,0.0000,None
50,CYCLE,5,13,0.0000,0.0000,None
50,CYCLE,5,14,0.0000,0.0000,None
50,CYCLE,5,15,0.0000,0.0000,None
50,CYCLE,5,16,0.0000,0.0000,None
50,CYCLE,5,17,0.0000,0.0000,None
50,CYCLE,5,18,0.0000,0.0000,None
50,CYCLE,5,19,0.0000,0.0000,None
100,CYCLE,3,0,0.3133,0.1522,2
100,CYCLE,3,1,0.3611,0.1867,5
100,CYCLE,3,2,0.3000,0.1422,1
100,CYCLE,3,3,0.3067,0.1644,4
100,CYCLE,3,4,0.3122,0.1789,1
100,CYCLE,3,5,0.2733,0.1167,13
100,CYCLE,3,6,0.3011,0.1344,22
100,CYCLE,3,7,0.3233,0.1389,2
100,CYCLE,3,8,0.3200,0.1567,1
100,CYCLE,3,9,0.3044,0.1489,8
100,CYCLE,3,10,0.3267,0.1722,1
100,CYCLE,3,11,0.3311,0.1256,9
100,CYCLE,3,12,0.2978,0.1189,24
100,CYCLE,3,13,0.3167,0.1200,28
100,CYCLE,3,14,0.2833,0.1144,10
100,CYCLE,3,15,0.3400,0.1222,4
100,CYCLE,3,16,0.3189,0.1622,0
100,CYCLE,3,17,0.3244,0.1567,4
100,CYCLE,3,18,0.2811,0.1400,16
100,CYCLE,3,19,0.2844,0.1189,5
100,CYCLE,4,0,0.0422,0.0011,717
100,CYCLE,4,1,0.0422,0.0089,68
100,CYCLE,4,2,0.0322,0.0056,299
100,CYCLE,4,3,0.0289,0.0011,881
100,CYCLE,4,4,0.0367,0.0078,108
100,CYCLE,4,5,0.0444,0.0078,9
100,CYCLE,4,6,0.0278,0.0044,46
100,CYCLE,4,7,0.0400,0.0056,76
100,CYCLE,4,8,0.0422,0.0033,115
100,CYCLE,4,9,0.0322,0.0022,536
100,CYCLE,4,10,0.0444,0.0067,87
100,CYCLE,4,11,0.0378,0.0078,97
100,CYCLE,4,12,0.0322,0.0044,733
100,CYCLE,4,13,0.0333,0.0033,789
100,CYCLE,4,14,0.0333,0.0033,148
100,CYCLE,4,15,0.0344,0.0022,607
100,CYCLE,4,16,0.0344,0.0022,678
100,CYCLE,4,17,0.0467,0.0033,362
100,CYCLE,4,18,0.0422,0.0044,218
100,CYCLE,4,19,0.0467,0.0067,204
100,CYCLE,5,0,0.0000,0.0000,None
100,CYCLE,5,1,0.0000,0.0000,None
100,CYCLE,5,2,0.0000,0.0000,None
100,CYCLE,5,3,0.0000,0.0000,None
100,CYCLE,5,4,0.0000,0.0000,None
100,CYCLE,5,5,0.0000,0.0000,None
100,CYCLE,5,6,0.0000,0.0000,None
100,CYCLE,5,7,0.0011,0.0000,None
100,CYCLE,5,8,0.0000,0.0000,None
100,CYCLE,5,9,0.0000,0.0000,None
100,CYCLE,5,10,0.0011,0.0000,None
100,CYCLE,5,11,0.0000,0.0000,None
100,CYCLE,5,12,0.0011,0.0000,None
100,CYCLE,5,13,0.0000,0.0000,None
100,CYCLE,5,14,0.0000,0.0000,None
100,CYCLE,5,15,0.0000,0.0000,None
100,CYCLE,5,16,0.0000,0.0000,None
100,CYCLE,5,17,0.0000,0.0000,None
100,CYCLE,5,18,0.0000,0.0000,None
100,CYCLE,5,19,0.0000,0.0000,None
150,CYCLE,3,0,0.2911,0.1433,3
150,CYCLE,3,1,0.2800,0.1356,2
150,CYCLE,3,2,0.2378,0.0922,5
150,CYCLE,3,3,0.2822,0.1400,17
150,CYCLE,3,4,0.3011,0.1633,5
150,CYCLE,3,5,0.2956,0.1800,5
150,CYCLE,3,6,0.3200,0.1500,1
150,CYCLE,3,7,0.3033,0.1489,12
150,CYCLE,3,8,0.3156,0.1756,1
150,CYCLE,3,9,0.2800,0.1489,1
150,CYCLE,3,10,0.2900,0.1367,2
150,CYCLE,3,11,0.2667,0.0933,1
150,CYCLE,3,12,0.2656,0.1244,17
150,CYCLE,3,13,0.2922,0.1533,1
150,CYCLE,3,14,0.2722,0.1289,2
150,CYCLE,3,15,0.2678,0.1233,3
150,CYCLE,3,16,0.2800,0.1256,4
150,CYCLE,3,17,0.2889,0.1100,20
150,CYCLE,3,18,0.3089,0.1589,4
150,CYCLE,3,19,0.3067,0.1322,6
150,CYCLE,4,0,0.0400,0.0089,34
150,CYCLE,4,1,0.0422,0.0067,345
150,CYCLE,4,2,0.0556,0.0056,124
150,CYCLE,4,3,0.0467,0.0033,281
150,CYCLE,4,4,0.0378,0.0067,110
150,CYCLE,4,5,0.0533,0.0022,339
150,CYCLE,4,6,0.0533,0.0078,133
150,CYCLE,4,7,0.0478,0.0033,91
150,CYCLE,4,8,0.0444,0.0089,225
150,CYCLE,4,9,0.0356,0.0056,8
150,CYCLE,4,10,0.0344,0.0033,55
150,CYCLE,4,11,0.0411,0.0011,636
150,CYCLE,4,12,0.0311,0.0033,383
150,CYCLE,4,13,0.0378,0.0067,98
150,CYCLE,4,14,0.0311,0.0067,69
150,CYCLE,4,15,0.0322,0.0011,748
150,CYCLE,4,16,0.0300,0.0056,175
150,CYCLE,4,17,0.0267,0.0044,177
150,CYCLE,4,18,0.0256,0.0011,515
150,CYCLE,4,19,0.0244,0.0022,154
150,CYCLE,5,0,0.0000,0.0000,None
150,CYCLE,5,1,0.0022,0.0000,None
150,CYCLE,5,2,0.0000,0.0000,None
150,CYCLE,5,3,0.0000,0.0000,None
150,CYCLE,5,4,0.0000,0.0000,None
150,CYCLE,5,5,0.0011,0.0000,None
150,CYCLE,5,6,0.0000,0.0000,None
150,CYCLE,5,7,0.0000,0.0000,None
150,CYCLE,5,8,0.0000,0.0000,None
150,CYCLE,5,9,0.0000,0.0000,None
150,CYCLE,5,10,0.0000,0.0000,None
150,CYCLE,5,11,0.0000,0.0000,None
150,CYCLE,5,12,0.0000,0.0000,None
150,CYCLE,5,13,0.0000,0.0000,None
150,CYCLE,5,14,0.0000,0.0000,None
150,CYCLE,5,15,0.0000,0.0000,None
150,CYCLE,5,16,0.0000,0.0000,None
150,CYCLE,5,17,0.0000,0.0000,None
150,CYCLE,5,18,0.0000,0.0000,None
150,CYCLE,5,19,0.0011,0.0000,None
200,CYCLE,3,0,0.3111,0.0878,10
200,CYCLE,3,1,0.3022,0.1111,5
200,CYCLE,3,2,0.3122,0.1722,3
200,CYCLE,3,3,0.3022,0.1256,9
200,CYCLE,3,4,0.3056,0.1067,0
200,CYCLE,3,5,0.3122,0.1333,18
200,CYCLE,3,6,0.3300,0.1422,11
200,CYCLE,3,7,0.3511,0.1878,5
200,CYCLE,3,8,0.3144,0.1289,2
200,CYCLE,3,9,0.2989,0.1011,10
200,CYCLE,3,10,0.2989,0.0944,6
200,CYCLE,3,11,0.2889,0.1122,13
200,CYCLE,3,12,0.3133,0.1111,0
200,CYCLE,3,13,0.2800,0.1078,18
200,CYCLE,3,14,0.2611,0.0767,12
200,CYCLE,3,15,0.3178,0.1222,5
200,CYCLE,3,16,0.2989,0.1044,4
200,CYCLE,3,17,0.3056,0.0678,20
200,CYCLE,3,18,0.2944,0.0744,9
200,CYCLE,3,19,0.3333,0.1722,11
200,CYCLE,4,0,0.0344,0.0011,835
200,CYCLE,4,1,0.0233,0.0000,None
200,CYCLE,4,2,0.0356,0.0022,139
200,CYCLE,4,3,0.0356,0.0056,404
200,CYCLE,4,4,0.0400,0.0044,94
200,CYCLE,4,5,0.0344,0.0056,155
200,CYCLE,4,6,0.0333,0.0022,294
200,CYCLE,4,7,0.0344,0.0022,472
200,CYCLE,4,8,0.0322,0.0056,270
200,CYCLE,4,9,0.0522,0.0078,136
200,CYCLE,4,10,0.0411,0.0078,14
200,CYCLE,4,11,0.0456,0.0033,41
200,CYCLE,4,12,0.0356,0.0056,39
200,CYCLE,4,13,0.0389,0.0067,71
200,CYCLE,4,14,0.0333,0.0044,194
200,CYCLE,4,15,0.0356,0.0067,55
200,CYCLE,4,16,0.0378,0.0033,59
200,CYCLE,4,17,0.0522,0.0067,51
200,CYCLE,4,18,0.0433,0.0033,253
200,CYCLE,4,19,0.0356,0.0056,37
200,CYCLE,5,0,0.0011,0.0000,None
200,CYCLE,5,1,0.0000,0.0000,None
200,CYCLE,5,2,0.0011,0.0000,None
200,CYCLE,5,3,0.0022,0.0000,None
200,CYCLE,5,4,0.0000,0.0000,None
200,CYCLE,5,5,0.0000,0.0000,None
200,CYCLE,5,6,0.0022,0.0000,None
200,CYCLE,5,7,0.0011,0.0000,None
200,CYCLE,5,8,0.0000,0.0000,None
200,CYCLE,5,9,0.0022,0.0000,None
200,CYCLE,5,10,0.0011,0.0011,198
200,CYCLE,5,11,0.0011,0.0011,772
200,CYCLE,5,12,0.0011,0.0000,None
200,CYCLE,5,13,0.0000,0.0000,None
200,CYCLE,5,14,0.0011,0.0000,None
200,CYCLE,5,15,0.0011,0.0000,None
200,CYCLE,5,16,0.0000,0.0000,None
200,CYCLE,5,17,0.0000,0.0000,None
200,CYCLE,5,18,0.0000,0.0000,None
200,CYCLE,5,19,0.0011,0.0000,None
250,CYCLE,3,0,0.3267,0.1311,7
250,CYCLE,3,1,0.3000,0.1344,1
250,CYCLE,3,2,0.2800,0.1011,6
250,CYCLE,3,3,0.2944,0.1322,1
250,CYCLE,3,4,0.2956,0.0922,12
250,CYCLE,3,5,0.3189,0.1411,25
250,CYCLE,3,6,0.3133,0.1289,1
250,CYCLE,3,7,0.3089,0.1078,17
250,CYCLE,3,8,0.2744,0.0811,2
250,CYCLE,3,9,0.2678,0.0678,3
250,CYCLE,3,10,0.2567,0.0700,5
250,CYCLE,3,11,0.3033,0.1122,20
250,CYCLE,3,12,0.2556,0.0678,25
250,CYCLE,3,13,0.2900,0.1044,35
250,CYCLE,3,14,0.2844,0.1089,11
250,CYCLE,3,15,0.2867,0.0844,2
250,CYCLE,3,16,0.2744,0.1122,20
250,CYCLE,3,17,0.3044,0.0978,29
250,CYCLE,3,18,0.3056,0.0722,12
250,CYCLE,3,19,0.2922,0.0889,1
250,CYCLE,4,0,0.0344,0.0000,None
250,CYCLE,4,1,0.0367,0.0033,150
250,CYCLE,4,2,0.0300,0.0022,17
250,CYCLE,4,3,0.0256,0.0011,240
250,CYCLE,4,4,0.0311,0.0022,392
250,CYCLE,4,5,0.0289,0.0011,8
250,CYCLE,4,6,0.0311,0.0011,638
250,CYCLE,4,7,0.0389,0.0033,499
250,CYCLE,4,8,0.0378,0.0022,4
250,CYCLE,4,9,0.0289,0.0044,175
250,CYCLE,4,10,0.0400,0.0011,681
250,CYCLE,4,11,0.0278,0.0022,335
250,CYCLE,4,12,0.0289,0.0000,None
250,CYCLE,4,13,0.0467,0.0056,177
250,CYCLE,4,14,0.0378,0.0044,291
250,CYCLE,4,15,0.0389,0.0044,287
250,CYCLE,4,16,0.0600,0.0056,493
250,CYCLE,4,17,0.0478,0.0033,494
250,CYCLE,4,18,0.0300,0.0000,None
250,CYCLE,4,19,0.0500,0.0067,317
250,CYCLE,5,0,0.0011,0.0000,None
250,CYCLE,5,1,0.0000,0.0000,None
250,CYCLE,5,2,0.0000,0.0000,None
250,CYCLE,5,3,0.0011,0.0000,None
250,CYCLE,5,4,0.0000,0.0000,None
250,CYCLE,5,5,0.0011,0.0000,None
250,CYCLE,5,6,0.0000,0.0000,None
250,CYCLE,5,7,0.0000,0.0000,None
250,CYCLE,5,8,0.0011,0.0000,None
250,CYCLE,5,9,0.0000,0.0000,None
250,CYCLE,5,10,0.0000,0.0000,None
250,CYCLE,5,11,0.0000,0.0000,None
250,CYCLE,5,12,0.0011,0.0000,None
250,CYCLE,5,13,0.0000,0.0000,None
250,CYCLE,5,14,0.0011,0.0000,None
250,CYCLE,5,15,0.0011,0.0000,None
250,CYCLE,5,16,0.0000,0.0000,None
250,CYCLE,5,17,0.0011,0.0000,None
250,CYCLE,5,18,0.0011,0.0000,None
250,CYCLE,5,19,0.0000,0.0000,None
500,CYCLE,3,0,0.3222,0.1011,3
500,CYCLE,3,1,0.2956,0.0933,14
500,CYCLE,3,2,0.3022,0.1067,2
500,CYCLE,3,3,0.2689,0.0878,0
500,CYCLE,3,4,0.2978,0.1133,26
500,CYCLE,3,5,0.3367,0.0989,2
500,CYCLE,3,6,0.3144,0.0967,3
500,CYCLE,3,7,0.3311,0.1067,21
500,CYCLE,3,8,0.2811,0.1111,7
500,CYCLE,3,9,0.3544,0.1467,0
500,CYCLE,3,10,0.3256,0.1478,2
500,CYCLE,3,11,0.2989,0.1044,0
500,CYCLE,3,12,0.3044,0.1022,0
500,CYCLE,3,13,0.3011,0.1056,5
500,CYCLE,3,14,0.3300,0.0944,4
500,CYCLE,3,15,0.3078,0.1067,7
500,CYCLE,3,16,0.3267,0.1478,4
500,CYCLE,3,17,0.3344,0.0889,16
500,CYCLE,3,18,0.3222,0.1167,8
500,CYCLE,3,19,0.3000,0.1167,1
500,CYCLE,4,0,0.0267,0.0011,620
500,CYCLE,4,1,0.0356,0.0000,None
500,CYCLE,4,2,0.0422,0.0022,406
500,CYCLE,4,3,0.0267,0.0022,199
500,CYCLE,4,4,0.0344,0.0067,24
500,CYCLE,4,5,0.0344,0.0056,341
500,CYCLE,4,6,0.0422,0.0100,279
500,CYCLE,4,7,0.0344,0.0044,40
500,CYCLE,4,8,0.0311,0.0056,162
500,CYCLE,4,9,0.0322,0.0022,223
500,CYCLE,4,10,0.0389,0.0044,126
500,CYCLE,4,11,0.0322,0.0000,None
500,CYCLE,4,12,0.0444,0.0078,165
500,CYCLE,4,13,0.0389,0.0044,192
500,CYCLE,4,14,0.0367,0.0011,794
500,CYCLE,4,15,0.0367,0.0000,None
500,CYCLE,4,16,0.0278,0.0022,595
500,CYCLE,4,17,0.0322,0.0011,696
500,CYCLE,4,18,0.0500,0.0044,74
500,CYCLE,4,19,0.0400,0.0022,114
500,CYCLE,5,0,0.0000,0.0000,None
500,CYCLE,5,1,0.0011,0.0000,None
500,CYCLE,5,2,0.0011,0.0000,None
500,CYCLE,5,3,0.0011,0.0000,None
500,CYCLE,5,4,0.0000,0.0000,None
500,CYCLE,5,5,0.0000,0.0000,None
500,CYCLE,5,6,0.0000,0.0000,None
500,CYCLE,5,7,0.0011,0.0000,None
500,CYCLE,5,8,0.0011,0.0000,None
500,CYCLE,5,9,0.0000,0.0000,None
500,CYCLE,5,10,0.0011,0.0000,None
500,CYCLE,5,11,0.0000,0.0000,None
500,CYCLE,5,12,0.0000,0.0000,None
500,CYCLE,5,13,0.0000,0.0000,None
500,CYCLE,5,14,0.0000,0.0000,None
500,CYCLE,5,15,0.0011,0.0000,None
500,CYCLE,5,16,0.0000,0.0000,None
500,CYCLE,5,17,0.0000,0.0000,None
500,CYCLE,5,18,0.0000,0.0000,None
500,CYCLE,5,19,0.0000,0.0000,None
1000,CYCLE,3,0,0.3300,0.1389,1
1000,CYCLE,3,1,0.3489,0.1344,8
1000,CYCLE,3,2,0.3478,0.1911,0
1000,CYCLE,3,3,0.3500,0.1389,0
1000,CYCLE,3,4,0.3467,0.1533,1
1000,CYCLE,3,5,0.3122,0.1722,1
1000,CYCLE,3,6,0.3411,0.1833,4
1000,CYCLE,3,7,0.3456,0.1756,1
1000,CYCLE,3,8,0.3411,0.1689,1
1000,CYCLE,3,9,0.3700,0.2156,1
1000,CYCLE,3,10,0.3722,0.2022,0
1000,CYCLE,3,11,0.3833,0.2244,0
1000,CYCLE,3,12,0.3433,0.1678,5
1000,CYCLE,3,13,0.3489,0.1367,6
1000,CYCLE,3,14,0.3589,0.1556,4
1000,CYCLE,3,15,0.3422,0.1667,0
1000,CYCLE,3,16,0.3222,0.1344,15
1000,CYCLE,3,17,0.3367,0.1578,10
1000,CYCLE,3,18,0.3522,0.1867,6
1000,CYCLE,3,19,0.3222,0.1744,8
1000,CYCLE,4,0,0.0478,0.0056,449
1000,CYCLE,4,1,0.0433,0.0044,41
1000,CYCLE,4,2,0.0456,0.0011,517
1000,CYCLE,4,3,0.0500,0.0044,11
1000,CYCLE,4,4,0.0456,0.0033,29
1000,CYCLE,4,5,0.0689,0.0067,328
1000,CYCLE,4,6,0.0456,0.0033,196
1000,CYCLE,4,7,0.0378,0.0033,316
1000,CYCLE,4,8,0.0456,0.0022,232
1000,CYCLE,4,9,0.0411,0.0022,651
1000,CYCLE,4,10,0.0333,0.0033,261
1000,CYCLE,4,11,0.0433,0.0044,161
1000,CYCLE,4,12,0.0400,0.0089,44
1000,CYCLE,4,13,0.0478,0.0033,371
1000,CYCLE,4,14,0.0311,0.0000,None
1000,CYCLE,4,15,0.0367,0.0044,291
1000,CYCLE,4,16,0.0300,0.0044,99
1000,CYCLE,4,17,0.0356,0.0033,340
1000,CYCLE,4,18,0.0344,0.0022,112
1000,CYCLE,4,19,0.0378,0.0011,544
1000,CYCLE,5,0,0.0000,0.0000,None
1000,CYCLE,5,1,0.0000,0.0000,None
1000,CYCLE,5,2,0.0000,0.0000,None
1000,CYCLE,5,3,0.0011,0.0000,None
1000,CYCLE,5,4,0.0011,0.0000,None
1000,CYCLE,5,5,0.0000,0.0000,None
1000,CYCLE,5,6,0.0000,0.0000,None
1000,CYCLE,5,7,0.0000,0.0000,None
1000,CYCLE,5,8,0.0000,0.0000,None
1000,CYCLE,5,9,0.0000,0.0000,None
1000,CYCLE,5,10,0.0000,0.0000,None
1000,CYCLE,5,11,0.0011,0.0000,None
1000,CYCLE,5,12,0.0011,0.0000,None
1000,CYCLE,5,13,0.0011,0.0000,None
1000,CYCLE,5,14,0.0000,0.0000,None
1000,CYCLE,5,15,0.0000,0.0000,None
1000,CYCLE,5,16,0.0022,0.0000,None
1000,CYCLE,5,17,0.0000,0.0000,None
1000,CYCLE,5,18,0.0000,0.0000,None
1000,CYCLE,5,19,0.0000,0.0000,None
